0 0.001563 0.782813 0.006250 0.015625
0 0.001563 0.798438 0.006250 0.015625
0 0.001563 0.814063 0.006250 0.015625
0 0.001563 0.829688 0.006250 0.015625
0 0.001563 0.845313 0.006250 0.015625
0 0.001563 0.860938 0.006250 0.015625
0 0.001563 0.876563 0.006250 0.015625
0 0.001563 0.892188 0.006250 0.015625
0 0.001563 0.909375 0.006250 0.015625
0 0.001563 0.923438 0.006250 0.015625
0 0.001563 0.940625 0.006250 0.015625
0 0.017188 0.784375 0.006250 0.015625
0 0.017188 0.798438 0.006250 0.015625
0 0.017188 0.814063 0.006250 0.015625
0 0.017188 0.829688 0.006250 0.015625
0 0.017188 0.845313 0.006250 0.015625
0 0.017188 0.860938 0.006250 0.015625
0 0.017188 0.876563 0.006250 0.015625
0 0.017188 0.892188 0.006250 0.015625
0 0.017188 0.909375 0.006250 0.015625
0 0.017188 0.923438 0.006250 0.015625
0 0.017188 0.940625 0.006250 0.015625
0 0.032813 0.784375 0.006250 0.015625
0 0.032813 0.798438 0.006250 0.015625
0 0.032813 0.814063 0.006250 0.015625
0 0.032813 0.829688 0.006250 0.015625
0 0.032813 0.845313 0.006250 0.015625
0 0.032813 0.860938 0.006250 0.015625
0 0.032813 0.876563 0.006250 0.015625
0 0.032813 0.892188 0.006250 0.015625
0 0.032813 0.907813 0.006250 0.015625
0 0.032813 0.923438 0.006250 0.015625
0 0.032813 0.939063 0.006250 0.015625
0 0.048438 0.784375 0.006250 0.015625
0 0.048438 0.798438 0.006250 0.015625
0 0.048438 0.814063 0.006250 0.015625
0 0.048438 0.829688 0.006250 0.015625
0 0.048438 0.845313 0.006250 0.015625
0 0.048438 0.860938 0.006250 0.015625
0 0.048438 0.876563 0.006250 0.015625
0 0.048438 0.892188 0.006250 0.015625
0 0.048438 0.907813 0.006250 0.015625
0 0.048438 0.923438 0.006250 0.015625
0 0.048438 0.940625 0.006250 0.015625
0 0.064062 0.784375 0.006250 0.015625
0 0.064062 0.798438 0.006250 0.015625
0 0.064062 0.814063 0.006250 0.015625
0 0.064062 0.829688 0.006250 0.015625
0 0.064062 0.845313 0.006250 0.015625
0 0.064062 0.860938 0.006250 0.015625
0 0.064062 0.876563 0.006250 0.015625
0 0.064062 0.892188 0.006250 0.015625
0 0.064062 0.907813 0.006250 0.015625
0 0.064062 0.925000 0.006250 0.015625
0 0.064062 0.940625 0.006250 0.015625
0 0.079687 0.784375 0.006250 0.015625
0 0.079687 0.798438 0.006250 0.015625
0 0.079687 0.814063 0.006250 0.015625
0 0.079687 0.829688 0.006250 0.015625
0 0.079687 0.845313 0.006250 0.015625
0 0.079687 0.860938 0.006250 0.015625
0 0.079687 0.876563 0.006250 0.015625
0 0.079687 0.892188 0.006250 0.015625
0 0.079687 0.907813 0.006250 0.015625
0 0.079687 0.923438 0.006250 0.015625
0 0.079687 0.939063 0.006250 0.015625
0 0.095312 0.784375 0.006250 0.015625
0 0.095312 0.798438 0.006250 0.015625
0 0.095312 0.814063 0.006250 0.015625
0 0.095312 0.829688 0.006250 0.015625
0 0.095312 0.845313 0.006250 0.015625
0 0.095312 0.860938 0.006250 0.015625
0 0.095312 0.876563 0.006250 0.015625
0 0.095312 0.892188 0.006250 0.015625
0 0.095312 0.907813 0.006250 0.015625
0 0.095312 0.923438 0.006250 0.015625
0 0.095312 0.939063 0.006250 0.015625
0 0.110937 0.784375 0.006250 0.015625
0 0.110937 0.798438 0.006250 0.015625
0 0.110937 0.814063 0.006250 0.015625
0 0.110937 0.829688 0.006250 0.015625
0 0.110937 0.845313 0.006250 0.015625
0 0.110937 0.860938 0.006250 0.015625
0 0.110937 0.876563 0.006250 0.015625
0 0.110937 0.892188 0.006250 0.015625
0 0.110937 0.907813 0.006250 0.015625
0 0.110937 0.923438 0.006250 0.015625
0 0.110937 0.939063 0.006250 0.015625
0 0.126562 0.784375 0.006250 0.015625
0 0.126562 0.798438 0.006250 0.015625
0 0.126562 0.814063 0.006250 0.015625
0 0.126562 0.829688 0.006250 0.015625
0 0.126562 0.845313 0.006250 0.015625
0 0.126562 0.860938 0.006250 0.015625
0 0.126562 0.876563 0.006250 0.015625
0 0.126562 0.892188 0.006250 0.015625
0 0.126562 0.907813 0.006250 0.015625
0 0.126562 0.923438 0.006250 0.015625
0 0.126562 0.939063 0.006250 0.015625
0 0.142187 0.784375 0.006250 0.015625
0 0.142187 0.798438 0.006250 0.015625
0 0.142187 0.814063 0.006250 0.015625
0 0.142187 0.829688 0.006250 0.015625
0 0.142187 0.845313 0.006250 0.015625
0 0.142187 0.860938 0.006250 0.015625
0 0.142187 0.876563 0.006250 0.015625
0 0.142187 0.892188 0.006250 0.015625
0 0.142187 0.907813 0.006250 0.015625
0 0.142187 0.923438 0.006250 0.015625
0 0.142187 0.939063 0.006250 0.015625
0 0.157812 0.784375 0.006250 0.015625
0 0.157812 0.798438 0.006250 0.015625
0 0.157812 0.814063 0.006250 0.015625
0 0.157812 0.829688 0.006250 0.015625
0 0.157812 0.845313 0.006250 0.015625
0 0.157812 0.860938 0.006250 0.015625
0 0.157812 0.876563 0.006250 0.015625
0 0.157812 0.892188 0.006250 0.015625
0 0.157812 0.907813 0.006250 0.015625
0 0.157812 0.923438 0.006250 0.015625
0 0.157812 0.939063 0.006250 0.015625
0 0.173437 0.784375 0.006250 0.015625
0 0.173437 0.798438 0.006250 0.015625
0 0.173437 0.814063 0.006250 0.015625
0 0.173437 0.829688 0.006250 0.015625
0 0.173437 0.845313 0.006250 0.015625
0 0.173437 0.860938 0.006250 0.015625
0 0.173437 0.876563 0.006250 0.015625
0 0.173437 0.892188 0.006250 0.015625
0 0.173437 0.907813 0.006250 0.015625
0 0.173437 0.923438 0.006250 0.015625
0 0.173437 0.940625 0.006250 0.015625
0 0.189062 0.784375 0.006250 0.015625
0 0.189062 0.798438 0.006250 0.015625
0 0.189062 0.814063 0.006250 0.015625
0 0.189062 0.831250 0.006250 0.015625
0 0.189062 0.845313 0.006250 0.015625
0 0.189062 0.860938 0.006250 0.015625
0 0.189062 0.876563 0.006250 0.015625
0 0.189062 0.892188 0.006250 0.015625
0 0.189062 0.907813 0.006250 0.015625
0 0.189062 0.923438 0.006250 0.015625
0 0.189062 0.939063 0.006250 0.015625
0 0.204687 0.782813 0.006250 0.015625
0 0.204687 0.798438 0.006250 0.015625
0 0.204687 0.815625 0.006250 0.015625
0 0.204687 0.831250 0.006250 0.015625
0 0.204687 0.845313 0.006250 0.015625
0 0.204687 0.860938 0.006250 0.015625
0 0.204687 0.878125 0.006250 0.015625
0 0.204687 0.892188 0.006250 0.015625
0 0.204687 0.907813 0.006250 0.015625
0 0.204687 0.923438 0.006250 0.015625
0 0.204687 0.939063 0.006250 0.015625
