0 0.673438 0.046875 0.006250 0.015625
0 0.579688 0.375000 0.006250 0.015625
0 0.673438 0.421875 0.006250 0.015625
0 0.657813 0.579688 0.006250 0.015625
0 0.657813 0.595313 0.006250 0.015625
0 0.001563 0.017188 0.006250 0.015625
0 0.001563 0.031250 0.006250 0.015625
0 0.001563 0.048438 0.006250 0.015625
0 0.001563 0.064062 0.006250 0.015625
0 0.001563 0.078125 0.006250 0.015625
0 0.001563 0.093750 0.006250 0.015625
0 0.001563 0.109375 0.006250 0.015625
0 0.001563 0.126562 0.006250 0.015625
0 0.001563 0.140625 0.006250 0.015625
0 0.001563 0.157812 0.006250 0.015625
0 0.001563 0.171875 0.006250 0.015625
0 0.001563 0.187500 0.006250 0.015625
0 0.001563 0.203125 0.006250 0.015625
0 0.001563 0.218750 0.006250 0.015625
0 0.001563 0.235937 0.006250 0.015625
0 0.001563 0.250000 0.006250 0.015625
0 0.001563 0.265625 0.006250 0.015625
0 0.001563 0.281250 0.006250 0.015625
0 0.001563 0.298438 0.006250 0.015625
0 0.001563 0.312500 0.006250 0.015625
0 0.001563 0.328125 0.006250 0.015625
0 0.001563 0.343750 0.006250 0.015625
0 0.001563 0.359375 0.006250 0.015625
0 0.001563 0.375000 0.006250 0.015625
0 0.001563 0.390625 0.006250 0.015625
0 0.001563 0.406250 0.006250 0.015625
0 0.001563 0.421875 0.006250 0.015625
0 0.001563 0.437500 0.006250 0.015625
0 0.001563 0.454688 0.006250 0.015625
0 0.001563 0.470313 0.006250 0.015625
0 0.001563 0.485938 0.006250 0.015625
0 0.001563 0.501563 0.006250 0.015625
0 0.001563 0.517188 0.006250 0.015625
0 0.001563 0.532813 0.006250 0.015625
0 0.001563 0.548438 0.006250 0.015625
0 0.001563 0.562500 0.006250 0.015625
0 0.001563 0.578125 0.006250 0.015625
0 0.001563 0.593750 0.006250 0.015625
0 0.001563 0.609375 0.006250 0.015625
0 0.017188 0.017188 0.006250 0.015625
0 0.017188 0.032813 0.006250 0.015625
0 0.017188 0.048438 0.006250 0.015625
0 0.017188 0.064062 0.006250 0.015625
0 0.017188 0.078125 0.006250 0.015625
0 0.017188 0.093750 0.006250 0.015625
0 0.017188 0.110937 0.006250 0.015625
0 0.017188 0.125000 0.006250 0.015625
0 0.017188 0.140625 0.006250 0.015625
0 0.017188 0.157812 0.006250 0.015625
0 0.017188 0.173437 0.006250 0.015625
0 0.017188 0.187500 0.006250 0.015625
0 0.017188 0.203125 0.006250 0.015625
0 0.017188 0.220312 0.006250 0.015625
0 0.017188 0.234375 0.006250 0.015625
0 0.017188 0.251563 0.006250 0.015625
0 0.017188 0.265625 0.006250 0.015625
0 0.017188 0.282813 0.006250 0.015625
0 0.017188 0.298438 0.006250 0.015625
0 0.017188 0.312500 0.006250 0.015625
0 0.017188 0.328125 0.006250 0.015625
0 0.017188 0.343750 0.006250 0.015625
0 0.017188 0.360938 0.006250 0.015625
0 0.017188 0.375000 0.006250 0.015625
0 0.017188 0.390625 0.006250 0.015625
0 0.017188 0.407813 0.006250 0.015625
0 0.017188 0.421875 0.006250 0.015625
0 0.017188 0.437500 0.006250 0.015625
0 0.017188 0.453125 0.006250 0.015625
0 0.017188 0.470313 0.006250 0.015625
0 0.017188 0.485938 0.006250 0.015625
0 0.017188 0.501563 0.006250 0.015625
0 0.017188 0.517188 0.006250 0.015625
0 0.017188 0.532813 0.006250 0.015625
0 0.017188 0.548438 0.006250 0.015625
0 0.017188 0.564063 0.006250 0.015625
0 0.017188 0.579688 0.006250 0.015625
0 0.017188 0.593750 0.006250 0.015625
0 0.017188 0.610938 0.006250 0.015625
0 0.032813 0.017188 0.006250 0.015625
0 0.032813 0.032813 0.006250 0.015625
0 0.032813 0.048438 0.006250 0.015625
0 0.032813 0.064062 0.006250 0.015625
0 0.032813 0.079687 0.006250 0.015625
0 0.032813 0.093750 0.006250 0.015625
0 0.032813 0.110937 0.006250 0.015625
0 0.032813 0.125000 0.006250 0.015625
0 0.032813 0.140625 0.006250 0.015625
0 0.032813 0.156250 0.006250 0.015625
0 0.032813 0.171875 0.006250 0.015625
0 0.032813 0.187500 0.006250 0.015625
0 0.032813 0.203125 0.006250 0.015625
0 0.032813 0.220312 0.006250 0.015625
0 0.032813 0.235937 0.006250 0.015625
0 0.032813 0.251563 0.006250 0.015625
0 0.032813 0.267188 0.006250 0.015625
0 0.032813 0.282813 0.006250 0.015625
0 0.032813 0.298438 0.006250 0.015625
0 0.032813 0.312500 0.006250 0.015625
0 0.032813 0.328125 0.006250 0.015625
0 0.032813 0.345313 0.006250 0.015625
0 0.032813 0.360938 0.006250 0.015625
0 0.032813 0.375000 0.006250 0.015625
0 0.032813 0.392188 0.006250 0.015625
0 0.032813 0.407813 0.006250 0.015625
0 0.032813 0.423438 0.006250 0.015625
0 0.032813 0.437500 0.006250 0.015625
0 0.032813 0.453125 0.006250 0.015625
0 0.032813 0.468750 0.006250 0.015625
0 0.032813 0.484375 0.006250 0.015625
0 0.032813 0.500000 0.006250 0.015625
0 0.032813 0.517188 0.006250 0.015625
0 0.032813 0.532813 0.006250 0.015625
0 0.032813 0.548438 0.006250 0.015625
0 0.032813 0.564063 0.006250 0.015625
0 0.032813 0.579688 0.006250 0.015625
0 0.032813 0.593750 0.006250 0.015625
0 0.032813 0.610938 0.006250 0.015625
0 0.048438 0.017188 0.006250 0.015625
0 0.048438 0.032813 0.006250 0.015625
0 0.048438 0.048438 0.006250 0.015625
0 0.048438 0.064062 0.006250 0.015625
0 0.048438 0.079687 0.006250 0.015625
0 0.048438 0.095312 0.006250 0.015625
0 0.048438 0.109375 0.006250 0.015625
0 0.048438 0.125000 0.006250 0.015625
0 0.048438 0.140625 0.006250 0.015625
0 0.048438 0.156250 0.006250 0.015625
0 0.048438 0.171875 0.006250 0.015625
0 0.048438 0.187500 0.006250 0.015625
0 0.048438 0.203125 0.006250 0.015625
0 0.048438 0.218750 0.006250 0.015625
0 0.048438 0.235937 0.006250 0.015625
0 0.048438 0.251563 0.006250 0.015625
0 0.048438 0.265625 0.006250 0.015625
0 0.048438 0.282813 0.006250 0.015625
0 0.048438 0.298438 0.006250 0.015625
0 0.048438 0.314063 0.006250 0.015625
0 0.048438 0.329688 0.006250 0.015625
0 0.048438 0.343750 0.006250 0.015625
0 0.048438 0.359375 0.006250 0.015625
0 0.048438 0.375000 0.006250 0.015625
0 0.048438 0.390625 0.006250 0.015625
0 0.048438 0.407813 0.006250 0.015625
0 0.048438 0.421875 0.006250 0.015625
0 0.048438 0.437500 0.006250 0.015625
0 0.048438 0.453125 0.006250 0.015625
0 0.048438 0.468750 0.006250 0.015625
0 0.048438 0.485938 0.006250 0.015625
0 0.048438 0.500000 0.006250 0.015625
0 0.048438 0.517188 0.006250 0.015625
0 0.048438 0.532813 0.006250 0.015625
0 0.048438 0.548438 0.006250 0.015625
0 0.048438 0.564063 0.006250 0.015625
0 0.048438 0.578125 0.006250 0.015625
0 0.048438 0.595313 0.006250 0.015625
0 0.048438 0.609375 0.006250 0.015625
0 0.064062 0.017188 0.006250 0.015625
0 0.064062 0.032813 0.006250 0.015625
0 0.064062 0.048438 0.006250 0.015625
0 0.064062 0.064062 0.006250 0.015625
0 0.064062 0.079687 0.006250 0.015625
0 0.064062 0.095312 0.006250 0.015625
0 0.064062 0.109375 0.006250 0.015625
0 0.064062 0.125000 0.006250 0.015625
0 0.064062 0.140625 0.006250 0.015625
0 0.064062 0.157812 0.006250 0.015625
0 0.064062 0.171875 0.006250 0.015625
0 0.064062 0.189062 0.006250 0.015625
0 0.064062 0.203125 0.006250 0.015625
0 0.064062 0.218750 0.006250 0.015625
0 0.064062 0.234375 0.006250 0.015625
0 0.064062 0.251563 0.006250 0.015625
0 0.064062 0.267188 0.006250 0.015625
0 0.064062 0.282813 0.006250 0.015625
0 0.064062 0.298438 0.006250 0.015625
0 0.064062 0.314063 0.006250 0.015625
0 0.064062 0.328125 0.006250 0.015625
0 0.064062 0.343750 0.006250 0.015625
0 0.064062 0.359375 0.006250 0.015625
0 0.064062 0.375000 0.006250 0.015625
0 0.064062 0.392188 0.006250 0.015625
0 0.064062 0.406250 0.006250 0.015625
0 0.064062 0.421875 0.006250 0.015625
0 0.064062 0.437500 0.006250 0.015625
0 0.064062 0.454688 0.006250 0.015625
0 0.064062 0.470313 0.006250 0.015625
0 0.064062 0.484375 0.006250 0.015625
0 0.064062 0.500000 0.006250 0.015625
0 0.064062 0.517188 0.006250 0.015625
0 0.064062 0.532813 0.006250 0.015625
0 0.064062 0.546875 0.006250 0.015625
0 0.064062 0.564063 0.006250 0.015625
0 0.064062 0.579688 0.006250 0.015625
0 0.064062 0.595313 0.006250 0.015625
0 0.064062 0.610938 0.006250 0.015625
0 0.079687 0.015625 0.006250 0.015625
0 0.079687 0.032813 0.006250 0.015625
0 0.079687 0.048438 0.006250 0.015625
0 0.079687 0.064062 0.006250 0.015625
0 0.079687 0.079687 0.006250 0.015625
0 0.079687 0.095312 0.006250 0.015625
0 0.079687 0.110937 0.006250 0.015625
0 0.079687 0.125000 0.006250 0.015625
0 0.079687 0.140625 0.006250 0.015625
0 0.079687 0.156250 0.006250 0.015625
0 0.079687 0.171875 0.006250 0.015625
0 0.079687 0.187500 0.006250 0.015625
0 0.079687 0.203125 0.006250 0.015625
0 0.079687 0.218750 0.006250 0.015625
0 0.079687 0.234375 0.006250 0.015625
0 0.079687 0.251563 0.006250 0.015625
0 0.079687 0.267188 0.006250 0.015625
0 0.079687 0.281250 0.006250 0.015625
0 0.079687 0.296875 0.006250 0.015625
0 0.079687 0.314063 0.006250 0.015625
0 0.079687 0.328125 0.006250 0.015625
0 0.079687 0.345313 0.006250 0.015625
0 0.079687 0.360938 0.006250 0.015625
0 0.079687 0.376563 0.006250 0.015625
0 0.079687 0.390625 0.006250 0.015625
0 0.079687 0.406250 0.006250 0.015625
0 0.079687 0.421875 0.006250 0.015625
0 0.079687 0.439063 0.006250 0.015625
0 0.079687 0.453125 0.006250 0.015625
0 0.079687 0.470313 0.006250 0.015625
0 0.079687 0.485938 0.006250 0.015625
0 0.079687 0.501563 0.006250 0.015625
0 0.079687 0.517188 0.006250 0.015625
0 0.079687 0.532813 0.006250 0.015625
0 0.079687 0.548438 0.006250 0.015625
0 0.079687 0.564063 0.006250 0.015625
0 0.079687 0.579688 0.006250 0.015625
0 0.079687 0.595313 0.006250 0.015625
0 0.079687 0.610938 0.006250 0.015625
0 0.095312 0.017188 0.006250 0.015625
0 0.095312 0.032813 0.006250 0.015625
0 0.095312 0.048438 0.006250 0.015625
0 0.095312 0.064062 0.006250 0.015625
0 0.095312 0.079687 0.006250 0.015625
0 0.095312 0.093750 0.006250 0.015625
0 0.095312 0.109375 0.006250 0.015625
0 0.095312 0.125000 0.006250 0.015625
0 0.095312 0.142187 0.006250 0.015625
0 0.095312 0.157812 0.006250 0.015625
0 0.095312 0.173437 0.006250 0.015625
0 0.095312 0.187500 0.006250 0.015625
0 0.095312 0.204687 0.006250 0.015625
0 0.095312 0.218750 0.006250 0.015625
0 0.095312 0.234375 0.006250 0.015625
0 0.095312 0.250000 0.006250 0.015625
0 0.095312 0.267188 0.006250 0.015625
0 0.095312 0.282813 0.006250 0.015625
0 0.095312 0.296875 0.006250 0.015625
0 0.095312 0.312500 0.006250 0.015625
0 0.095312 0.329688 0.006250 0.015625
0 0.095312 0.345313 0.006250 0.015625
0 0.095312 0.360938 0.006250 0.015625
0 0.095312 0.376563 0.006250 0.015625
0 0.095312 0.390625 0.006250 0.015625
0 0.095312 0.406250 0.006250 0.015625
0 0.095312 0.423438 0.006250 0.015625
0 0.095312 0.439063 0.006250 0.015625
0 0.095312 0.453125 0.006250 0.015625
0 0.095312 0.468750 0.006250 0.015625
0 0.095312 0.484375 0.006250 0.015625
0 0.095312 0.501563 0.006250 0.015625
0 0.095312 0.517188 0.006250 0.015625
0 0.095312 0.531250 0.006250 0.015625
0 0.095312 0.546875 0.006250 0.015625
0 0.095312 0.562500 0.006250 0.015625
0 0.095312 0.579688 0.006250 0.015625
0 0.095312 0.595313 0.006250 0.015625
0 0.095312 0.610938 0.006250 0.015625
0 0.110937 0.017188 0.006250 0.015625
0 0.110937 0.031250 0.006250 0.015625
0 0.110937 0.048438 0.006250 0.015625
0 0.110937 0.064062 0.006250 0.015625
0 0.110937 0.079687 0.006250 0.015625
0 0.110937 0.095312 0.006250 0.015625
0 0.110937 0.110937 0.006250 0.015625
0 0.110937 0.125000 0.006250 0.015625
0 0.110937 0.140625 0.006250 0.015625
0 0.110937 0.156250 0.006250 0.015625
0 0.110937 0.171875 0.006250 0.015625
0 0.110937 0.187500 0.006250 0.015625
0 0.110937 0.203125 0.006250 0.015625
0 0.110937 0.218750 0.006250 0.015625
0 0.110937 0.234375 0.006250 0.015625
0 0.110937 0.251563 0.006250 0.015625
0 0.110937 0.267188 0.006250 0.015625
0 0.110937 0.281250 0.006250 0.015625
0 0.110937 0.298438 0.006250 0.015625
0 0.110937 0.312500 0.006250 0.015625
0 0.110937 0.328125 0.006250 0.015625
0 0.110937 0.345313 0.006250 0.015625
0 0.110937 0.360938 0.006250 0.015625
0 0.110937 0.375000 0.006250 0.015625
0 0.110937 0.390625 0.006250 0.015625
0 0.110937 0.406250 0.006250 0.015625
0 0.110937 0.421875 0.006250 0.015625
0 0.110937 0.437500 0.006250 0.015625
0 0.110937 0.454688 0.006250 0.015625
0 0.110937 0.468750 0.006250 0.015625
0 0.110937 0.484375 0.006250 0.015625
0 0.110937 0.500000 0.006250 0.015625
0 0.110937 0.517188 0.006250 0.015625
0 0.110937 0.531250 0.006250 0.015625
0 0.110937 0.548438 0.006250 0.015625
0 0.110937 0.562500 0.006250 0.015625
0 0.110937 0.579688 0.006250 0.015625
0 0.110937 0.595313 0.006250 0.015625
0 0.110937 0.610938 0.006250 0.015625
0 0.126562 0.015625 0.006250 0.015625
0 0.126562 0.031250 0.006250 0.015625
0 0.126562 0.048438 0.006250 0.015625
0 0.126562 0.064062 0.006250 0.015625
0 0.126562 0.079687 0.006250 0.015625
0 0.126562 0.095312 0.006250 0.015625
0 0.126562 0.109375 0.006250 0.015625
0 0.126562 0.126562 0.006250 0.015625
0 0.126562 0.142187 0.006250 0.015625
0 0.126562 0.156250 0.006250 0.015625
0 0.126562 0.171875 0.006250 0.015625
0 0.126562 0.187500 0.006250 0.015625
0 0.126562 0.204687 0.006250 0.015625
0 0.126562 0.220312 0.006250 0.015625
0 0.126562 0.235937 0.006250 0.015625
0 0.126562 0.251563 0.006250 0.015625
0 0.126562 0.265625 0.006250 0.015625
0 0.126562 0.282813 0.006250 0.015625
0 0.126562 0.296875 0.006250 0.015625
0 0.126562 0.312500 0.006250 0.015625
0 0.126562 0.329688 0.006250 0.015625
0 0.126562 0.345313 0.006250 0.015625
0 0.126562 0.360938 0.006250 0.015625
0 0.126562 0.376563 0.006250 0.015625
0 0.126562 0.392188 0.006250 0.015625
0 0.126562 0.406250 0.006250 0.015625
0 0.126562 0.421875 0.006250 0.015625
0 0.126562 0.437500 0.006250 0.015625
0 0.126562 0.454688 0.006250 0.015625
0 0.126562 0.468750 0.006250 0.015625
0 0.126562 0.485938 0.006250 0.015625
0 0.126562 0.501563 0.006250 0.015625
0 0.126562 0.515625 0.006250 0.015625
0 0.126562 0.531250 0.006250 0.015625
0 0.126562 0.548438 0.006250 0.015625
0 0.126562 0.562500 0.006250 0.015625
0 0.126562 0.579688 0.006250 0.015625
0 0.126562 0.595313 0.006250 0.015625
0 0.126562 0.610938 0.006250 0.015625
0 0.142187 0.015625 0.006250 0.015625
0 0.142187 0.031250 0.006250 0.015625
0 0.142187 0.048438 0.006250 0.015625
0 0.142187 0.062500 0.006250 0.015625
0 0.142187 0.078125 0.006250 0.015625
0 0.142187 0.095312 0.006250 0.015625
0 0.142187 0.110937 0.006250 0.015625
0 0.142187 0.126562 0.006250 0.015625
0 0.142187 0.140625 0.006250 0.015625
0 0.142187 0.156250 0.006250 0.015625
0 0.142187 0.171875 0.006250 0.015625
0 0.142187 0.189062 0.006250 0.015625
0 0.142187 0.204687 0.006250 0.015625
0 0.142187 0.218750 0.006250 0.015625
0 0.142187 0.234375 0.006250 0.015625
0 0.142187 0.251563 0.006250 0.015625
0 0.142187 0.265625 0.006250 0.015625
0 0.142187 0.282813 0.006250 0.015625
0 0.142187 0.298438 0.006250 0.015625
0 0.142187 0.312500 0.006250 0.015625
0 0.142187 0.329688 0.006250 0.015625
0 0.142187 0.345313 0.006250 0.015625
0 0.142187 0.359375 0.006250 0.015625
0 0.142187 0.376563 0.006250 0.015625
0 0.142187 0.392188 0.006250 0.015625
0 0.142187 0.406250 0.006250 0.015625
0 0.142187 0.423438 0.006250 0.015625
0 0.142187 0.437500 0.006250 0.015625
0 0.142187 0.453125 0.006250 0.015625
0 0.142187 0.468750 0.006250 0.015625
0 0.142187 0.485938 0.006250 0.015625
0 0.142187 0.500000 0.006250 0.015625
0 0.142187 0.517188 0.006250 0.015625
0 0.142187 0.532813 0.006250 0.015625
0 0.142187 0.548438 0.006250 0.015625
0 0.142187 0.562500 0.006250 0.015625
0 0.142187 0.579688 0.006250 0.015625
0 0.142187 0.595313 0.006250 0.015625
0 0.142187 0.610938 0.006250 0.015625
0 0.157812 0.015625 0.006250 0.015625
0 0.157812 0.031250 0.006250 0.015625
0 0.157812 0.048438 0.006250 0.015625
0 0.157812 0.064062 0.006250 0.015625
0 0.157812 0.078125 0.006250 0.015625
0 0.157812 0.095312 0.006250 0.015625
0 0.157812 0.110937 0.006250 0.015625
0 0.157812 0.126562 0.006250 0.015625
0 0.157812 0.142187 0.006250 0.015625
0 0.157812 0.156250 0.006250 0.015625
0 0.157812 0.173437 0.006250 0.015625
0 0.157812 0.189062 0.006250 0.015625
0 0.157812 0.204687 0.006250 0.015625
0 0.157812 0.218750 0.006250 0.015625
0 0.157812 0.235937 0.006250 0.015625
0 0.157812 0.250000 0.006250 0.015625
0 0.157812 0.265625 0.006250 0.015625
0 0.157812 0.282813 0.006250 0.015625
0 0.157812 0.298438 0.006250 0.015625
0 0.157812 0.312500 0.006250 0.015625
0 0.157812 0.328125 0.006250 0.015625
0 0.157812 0.343750 0.006250 0.015625
0 0.157812 0.360938 0.006250 0.015625
0 0.157812 0.376563 0.006250 0.015625
0 0.157812 0.392188 0.006250 0.015625
0 0.157812 0.407813 0.006250 0.015625
0 0.157812 0.421875 0.006250 0.015625
0 0.157812 0.439063 0.006250 0.015625
0 0.157812 0.454688 0.006250 0.015625
0 0.157812 0.468750 0.006250 0.015625
0 0.157812 0.484375 0.006250 0.015625
0 0.157812 0.500000 0.006250 0.015625
0 0.157812 0.517188 0.006250 0.015625
0 0.157812 0.532813 0.006250 0.015625
0 0.157812 0.546875 0.006250 0.015625
0 0.157812 0.564063 0.006250 0.015625
0 0.157812 0.579688 0.006250 0.015625
0 0.157812 0.595313 0.006250 0.015625
0 0.157812 0.610938 0.006250 0.015625
0 0.173437 0.015625 0.006250 0.015625
0 0.173437 0.032813 0.006250 0.015625
0 0.173437 0.046875 0.006250 0.015625
0 0.173437 0.062500 0.006250 0.015625
0 0.173437 0.078125 0.006250 0.015625
0 0.173437 0.095312 0.006250 0.015625
0 0.173437 0.110937 0.006250 0.015625
0 0.173437 0.126562 0.006250 0.015625
0 0.173437 0.142187 0.006250 0.015625
0 0.173437 0.156250 0.006250 0.015625
0 0.173437 0.171875 0.006250 0.015625
0 0.173437 0.187500 0.006250 0.015625
0 0.173437 0.204687 0.006250 0.015625
0 0.173437 0.218750 0.006250 0.015625
0 0.173437 0.234375 0.006250 0.015625
0 0.173437 0.251563 0.006250 0.015625
0 0.173437 0.265625 0.006250 0.015625
0 0.173437 0.281250 0.006250 0.015625
0 0.173437 0.298438 0.006250 0.015625
0 0.173437 0.312500 0.006250 0.015625
0 0.173437 0.328125 0.006250 0.015625
0 0.173437 0.345313 0.006250 0.015625
0 0.173437 0.359375 0.006250 0.015625
0 0.173437 0.375000 0.006250 0.015625
0 0.173437 0.392188 0.006250 0.015625
0 0.173437 0.407813 0.006250 0.015625
0 0.173437 0.423438 0.006250 0.015625
0 0.173437 0.439063 0.006250 0.015625
0 0.173437 0.453125 0.006250 0.015625
0 0.173437 0.468750 0.006250 0.015625
0 0.173437 0.485938 0.006250 0.015625
0 0.173437 0.501563 0.006250 0.015625
0 0.173437 0.515625 0.006250 0.015625
0 0.173437 0.531250 0.006250 0.015625
0 0.173437 0.548438 0.006250 0.015625
0 0.173437 0.564063 0.006250 0.015625
0 0.173437 0.579688 0.006250 0.015625
0 0.173437 0.593750 0.006250 0.015625
0 0.173437 0.610938 0.006250 0.015625
0 0.189062 0.015625 0.006250 0.015625
0 0.189062 0.032813 0.006250 0.015625
0 0.189062 0.048438 0.006250 0.015625
0 0.189062 0.064062 0.006250 0.015625
0 0.189062 0.079687 0.006250 0.015625
0 0.189062 0.095312 0.006250 0.015625
0 0.189062 0.110937 0.006250 0.015625
0 0.189062 0.126562 0.006250 0.015625
0 0.189062 0.142187 0.006250 0.015625
0 0.189062 0.157812 0.006250 0.015625
0 0.189062 0.173437 0.006250 0.015625
0 0.189062 0.189062 0.006250 0.015625
0 0.189062 0.204687 0.006250 0.015625
0 0.189062 0.218750 0.006250 0.015625
0 0.189062 0.235937 0.006250 0.015625
0 0.189062 0.251563 0.006250 0.015625
0 0.189062 0.267188 0.006250 0.015625
0 0.189062 0.282813 0.006250 0.015625
0 0.189062 0.298438 0.006250 0.015625
0 0.189062 0.314063 0.006250 0.015625
0 0.189062 0.328125 0.006250 0.015625
0 0.189062 0.343750 0.006250 0.015625
0 0.189062 0.359375 0.006250 0.015625
0 0.189062 0.376563 0.006250 0.015625
0 0.189062 0.392188 0.006250 0.015625
0 0.189062 0.407813 0.006250 0.015625
0 0.189062 0.421875 0.006250 0.015625
0 0.189062 0.439063 0.006250 0.015625
0 0.189062 0.453125 0.006250 0.015625
0 0.189062 0.468750 0.006250 0.015625
0 0.189062 0.485938 0.006250 0.015625
0 0.189062 0.501563 0.006250 0.015625
0 0.189062 0.515625 0.006250 0.015625
0 0.189062 0.532813 0.006250 0.015625
0 0.189062 0.548438 0.006250 0.015625
0 0.189062 0.562500 0.006250 0.015625
0 0.189062 0.579688 0.006250 0.015625
0 0.189062 0.595313 0.006250 0.015625
0 0.189062 0.610938 0.006250 0.015625
0 0.204687 0.015625 0.006250 0.015625
0 0.204687 0.032813 0.006250 0.015625
0 0.204687 0.046875 0.006250 0.015625
0 0.204687 0.064062 0.006250 0.015625
0 0.204687 0.078125 0.006250 0.015625
0 0.204687 0.095312 0.006250 0.015625
0 0.204687 0.109375 0.006250 0.015625
0 0.204687 0.126562 0.006250 0.015625
0 0.204687 0.142187 0.006250 0.015625
0 0.204687 0.156250 0.006250 0.015625
0 0.204687 0.171875 0.006250 0.015625
0 0.204687 0.189062 0.006250 0.015625
0 0.204687 0.204687 0.006250 0.015625
0 0.204687 0.220312 0.006250 0.015625
0 0.204687 0.234375 0.006250 0.015625
0 0.204687 0.251563 0.006250 0.015625
0 0.204687 0.267188 0.006250 0.015625
0 0.204687 0.282813 0.006250 0.015625
0 0.204687 0.296875 0.006250 0.015625
0 0.204687 0.312500 0.006250 0.015625
0 0.204687 0.328125 0.006250 0.015625
0 0.204687 0.345313 0.006250 0.015625
0 0.204687 0.359375 0.006250 0.015625
0 0.204687 0.376563 0.006250 0.015625
0 0.204687 0.392188 0.006250 0.015625
0 0.204687 0.407813 0.006250 0.015625
0 0.204687 0.421875 0.006250 0.015625
0 0.204687 0.437500 0.006250 0.015625
0 0.204687 0.454688 0.006250 0.015625
0 0.204687 0.470313 0.006250 0.015625
0 0.204687 0.484375 0.006250 0.015625
0 0.204687 0.501563 0.006250 0.015625
0 0.204687 0.517188 0.006250 0.015625
0 0.204687 0.532813 0.006250 0.015625
0 0.204687 0.546875 0.006250 0.015625
0 0.204687 0.564063 0.006250 0.015625
0 0.204687 0.579688 0.006250 0.015625
0 0.204687 0.595313 0.006250 0.015625
0 0.204687 0.609375 0.006250 0.015625
0 0.220312 0.017188 0.006250 0.015625
0 0.220312 0.031250 0.006250 0.015625
0 0.220312 0.046875 0.006250 0.015625
0 0.220312 0.062500 0.006250 0.015625
0 0.220312 0.079687 0.006250 0.015625
0 0.220312 0.095312 0.006250 0.015625
0 0.220312 0.110937 0.006250 0.015625
0 0.220312 0.126562 0.006250 0.015625
0 0.220312 0.142187 0.006250 0.015625
0 0.220312 0.156250 0.006250 0.015625
0 0.220312 0.173437 0.006250 0.015625
0 0.220312 0.189062 0.006250 0.015625
0 0.220312 0.203125 0.006250 0.015625
0 0.220312 0.220312 0.006250 0.015625
0 0.220312 0.235937 0.006250 0.015625
0 0.220312 0.251563 0.006250 0.015625
0 0.220312 0.265625 0.006250 0.015625
0 0.220312 0.282813 0.006250 0.015625
0 0.220312 0.296875 0.006250 0.015625
0 0.220312 0.314063 0.006250 0.015625
0 0.220312 0.328125 0.006250 0.015625
0 0.220312 0.345313 0.006250 0.015625
0 0.220312 0.360938 0.006250 0.015625
0 0.220312 0.375000 0.006250 0.015625
0 0.220312 0.390625 0.006250 0.015625
0 0.220312 0.406250 0.006250 0.015625
0 0.220312 0.423438 0.006250 0.015625
0 0.220312 0.437500 0.006250 0.015625
0 0.220312 0.453125 0.006250 0.015625
0 0.220312 0.470313 0.006250 0.015625
0 0.220312 0.485938 0.006250 0.015625
0 0.220312 0.501563 0.006250 0.015625
0 0.220312 0.517188 0.006250 0.015625
0 0.220312 0.531250 0.006250 0.015625
0 0.220312 0.548438 0.006250 0.015625
0 0.220312 0.562500 0.006250 0.015625
0 0.220312 0.578125 0.006250 0.015625
0 0.220312 0.593750 0.006250 0.015625
0 0.220312 0.610938 0.006250 0.015625
0 0.235937 0.017188 0.006250 0.015625
0 0.235937 0.032813 0.006250 0.015625
0 0.235937 0.048438 0.006250 0.015625
0 0.235937 0.064062 0.006250 0.015625
0 0.235937 0.079687 0.006250 0.015625
0 0.235937 0.095312 0.006250 0.015625
0 0.235937 0.110937 0.006250 0.015625
0 0.235937 0.126562 0.006250 0.015625
0 0.235937 0.140625 0.006250 0.015625
0 0.235937 0.157812 0.006250 0.015625
0 0.235937 0.173437 0.006250 0.015625
0 0.235937 0.189062 0.006250 0.015625
0 0.235937 0.204687 0.006250 0.015625
0 0.235937 0.218750 0.006250 0.015625
0 0.235937 0.235937 0.006250 0.015625
0 0.235937 0.251563 0.006250 0.015625
0 0.235937 0.267188 0.006250 0.015625
0 0.235937 0.282813 0.006250 0.015625
0 0.235937 0.298438 0.006250 0.015625
0 0.235937 0.312500 0.006250 0.015625
0 0.235937 0.329688 0.006250 0.015625
0 0.235937 0.343750 0.006250 0.015625
0 0.235937 0.360938 0.006250 0.015625
0 0.235937 0.375000 0.006250 0.015625
0 0.235937 0.392188 0.006250 0.015625
0 0.235937 0.406250 0.006250 0.015625
0 0.235937 0.423438 0.006250 0.015625
0 0.235937 0.439063 0.006250 0.015625
0 0.235937 0.454688 0.006250 0.015625
0 0.235937 0.470313 0.006250 0.015625
0 0.235937 0.484375 0.006250 0.015625
0 0.235937 0.500000 0.006250 0.015625
0 0.235937 0.517188 0.006250 0.015625
0 0.235937 0.532813 0.006250 0.015625
0 0.235937 0.546875 0.006250 0.015625
0 0.235937 0.564063 0.006250 0.015625
0 0.235937 0.579688 0.006250 0.015625
0 0.235937 0.595313 0.006250 0.015625
0 0.235937 0.610938 0.006250 0.015625
0 0.251563 0.017188 0.006250 0.015625
0 0.251563 0.031250 0.006250 0.015625
0 0.251563 0.048438 0.006250 0.015625
0 0.251563 0.062500 0.006250 0.015625
0 0.251563 0.078125 0.006250 0.015625
0 0.251563 0.093750 0.006250 0.015625
0 0.251563 0.110937 0.006250 0.015625
0 0.251563 0.126562 0.006250 0.015625
0 0.251563 0.142187 0.006250 0.015625
0 0.251563 0.157812 0.006250 0.015625
0 0.251563 0.171875 0.006250 0.015625
0 0.251563 0.189062 0.006250 0.015625
0 0.251563 0.204687 0.006250 0.015625
0 0.251563 0.218750 0.006250 0.015625
0 0.251563 0.235937 0.006250 0.015625
0 0.251563 0.251563 0.006250 0.015625
0 0.251563 0.267188 0.006250 0.015625
0 0.251563 0.281250 0.006250 0.015625
0 0.251563 0.296875 0.006250 0.015625
0 0.251563 0.312500 0.006250 0.015625
0 0.251563 0.328125 0.006250 0.015625
0 0.251563 0.343750 0.006250 0.015625
0 0.251563 0.359375 0.006250 0.015625
0 0.251563 0.376563 0.006250 0.015625
0 0.251563 0.392188 0.006250 0.015625
0 0.251563 0.406250 0.006250 0.015625
0 0.251563 0.421875 0.006250 0.015625
0 0.251563 0.437500 0.006250 0.015625
0 0.251563 0.454688 0.006250 0.015625
0 0.251563 0.468750 0.006250 0.015625
0 0.251563 0.484375 0.006250 0.015625
0 0.251563 0.500000 0.006250 0.015625
0 0.251563 0.515625 0.006250 0.015625
0 0.251563 0.531250 0.006250 0.015625
0 0.251563 0.546875 0.006250 0.015625
0 0.251563 0.564063 0.006250 0.015625
0 0.251563 0.579688 0.006250 0.015625
0 0.251563 0.593750 0.006250 0.015625
0 0.251563 0.609375 0.006250 0.015625
0 0.267188 0.015625 0.006250 0.015625
0 0.267188 0.031250 0.006250 0.015625
0 0.267188 0.046875 0.006250 0.015625
0 0.267188 0.062500 0.006250 0.015625
0 0.267188 0.079687 0.006250 0.015625
0 0.267188 0.095312 0.006250 0.015625
0 0.267188 0.110937 0.006250 0.015625
0 0.267188 0.126562 0.006250 0.015625
0 0.267188 0.140625 0.006250 0.015625
0 0.267188 0.157812 0.006250 0.015625
0 0.267188 0.171875 0.006250 0.015625
0 0.267188 0.189062 0.006250 0.015625
0 0.267188 0.204687 0.006250 0.015625
0 0.267188 0.220312 0.006250 0.015625
0 0.267188 0.234375 0.006250 0.015625
0 0.267188 0.250000 0.006250 0.015625
0 0.267188 0.265625 0.006250 0.015625
0 0.267188 0.282813 0.006250 0.015625
0 0.267188 0.296875 0.006250 0.015625
0 0.267188 0.312500 0.006250 0.015625
0 0.267188 0.329688 0.006250 0.015625
0 0.267188 0.343750 0.006250 0.015625
0 0.267188 0.360938 0.006250 0.015625
0 0.267188 0.376563 0.006250 0.015625
0 0.267188 0.390625 0.006250 0.015625
0 0.267188 0.406250 0.006250 0.015625
0 0.267188 0.421875 0.006250 0.015625
0 0.267188 0.439063 0.006250 0.015625
0 0.267188 0.454688 0.006250 0.015625
0 0.267188 0.470313 0.006250 0.015625
0 0.267188 0.485938 0.006250 0.015625
0 0.267188 0.501563 0.006250 0.015625
0 0.267188 0.517188 0.006250 0.015625
0 0.267188 0.532813 0.006250 0.015625
0 0.267188 0.548438 0.006250 0.015625
0 0.267188 0.564063 0.006250 0.015625
0 0.267188 0.579688 0.006250 0.015625
0 0.267188 0.595313 0.006250 0.015625
0 0.267188 0.610938 0.006250 0.015625
0 0.282813 0.015625 0.006250 0.015625
0 0.282813 0.031250 0.006250 0.015625
0 0.282813 0.046875 0.006250 0.015625
0 0.282813 0.064062 0.006250 0.015625
0 0.282813 0.079687 0.006250 0.015625
0 0.282813 0.093750 0.006250 0.015625
0 0.282813 0.110937 0.006250 0.015625
0 0.282813 0.125000 0.006250 0.015625
0 0.282813 0.142187 0.006250 0.015625
0 0.282813 0.156250 0.006250 0.015625
0 0.282813 0.173437 0.006250 0.015625
0 0.282813 0.187500 0.006250 0.015625
0 0.282813 0.204687 0.006250 0.015625
0 0.282813 0.220312 0.006250 0.015625
0 0.282813 0.234375 0.006250 0.015625
0 0.282813 0.251563 0.006250 0.015625
0 0.282813 0.267188 0.006250 0.015625
0 0.282813 0.282813 0.006250 0.015625
0 0.282813 0.298438 0.006250 0.015625
0 0.282813 0.312500 0.006250 0.015625
0 0.282813 0.329688 0.006250 0.015625
0 0.282813 0.343750 0.006250 0.015625
0 0.282813 0.360938 0.006250 0.015625
0 0.282813 0.376563 0.006250 0.015625
0 0.282813 0.392188 0.006250 0.015625
0 0.282813 0.407813 0.006250 0.015625
0 0.282813 0.423438 0.006250 0.015625
0 0.282813 0.437500 0.006250 0.015625
0 0.282813 0.454688 0.006250 0.015625
0 0.282813 0.468750 0.006250 0.015625
0 0.282813 0.485938 0.006250 0.015625
0 0.282813 0.501563 0.006250 0.015625
0 0.282813 0.515625 0.006250 0.015625
0 0.282813 0.531250 0.006250 0.015625
0 0.282813 0.548438 0.006250 0.015625
0 0.282813 0.564063 0.006250 0.015625
0 0.282813 0.579688 0.006250 0.015625
0 0.282813 0.595313 0.006250 0.015625
0 0.282813 0.610938 0.006250 0.015625
0 0.298438 0.015625 0.006250 0.015625
0 0.298438 0.031250 0.006250 0.015625
0 0.298438 0.046875 0.006250 0.015625
0 0.298438 0.062500 0.006250 0.015625
0 0.298438 0.079687 0.006250 0.015625
0 0.298438 0.093750 0.006250 0.015625
0 0.298438 0.110937 0.006250 0.015625
0 0.298438 0.125000 0.006250 0.015625
0 0.298438 0.140625 0.006250 0.015625
0 0.298438 0.157812 0.006250 0.015625
0 0.298438 0.173437 0.006250 0.015625
0 0.298438 0.189062 0.006250 0.015625
0 0.298438 0.203125 0.006250 0.015625
0 0.298438 0.218750 0.006250 0.015625
0 0.298438 0.234375 0.006250 0.015625
0 0.298438 0.250000 0.006250 0.015625
0 0.298438 0.265625 0.006250 0.015625
0 0.298438 0.281250 0.006250 0.015625
0 0.298438 0.296875 0.006250 0.015625
0 0.298438 0.312500 0.006250 0.015625
0 0.298438 0.328125 0.006250 0.015625
0 0.298438 0.343750 0.006250 0.015625
0 0.298438 0.359375 0.006250 0.015625
0 0.298438 0.375000 0.006250 0.015625
0 0.298438 0.390625 0.006250 0.015625
0 0.298438 0.407813 0.006250 0.015625
0 0.298438 0.423438 0.006250 0.015625
0 0.298438 0.437500 0.006250 0.015625
0 0.298438 0.453125 0.006250 0.015625
0 0.298438 0.468750 0.006250 0.015625
0 0.298438 0.485938 0.006250 0.015625
0 0.298438 0.500000 0.006250 0.015625
0 0.298438 0.517188 0.006250 0.015625
0 0.298438 0.532813 0.006250 0.015625
0 0.298438 0.548438 0.006250 0.015625
0 0.298438 0.562500 0.006250 0.015625
0 0.298438 0.579688 0.006250 0.015625
0 0.298438 0.595313 0.006250 0.015625
0 0.298438 0.610938 0.006250 0.015625
0 0.314063 0.015625 0.006250 0.015625
0 0.314063 0.032813 0.006250 0.015625
0 0.314063 0.046875 0.006250 0.015625
0 0.314063 0.062500 0.006250 0.015625
0 0.314063 0.078125 0.006250 0.015625
0 0.314063 0.093750 0.006250 0.015625
0 0.314063 0.109375 0.006250 0.015625
0 0.314063 0.125000 0.006250 0.015625
0 0.314063 0.142187 0.006250 0.015625
0 0.314063 0.157812 0.006250 0.015625
0 0.314063 0.173437 0.006250 0.015625
0 0.314063 0.189062 0.006250 0.015625
0 0.314063 0.203125 0.006250 0.015625
0 0.314063 0.218750 0.006250 0.015625
0 0.314063 0.235937 0.006250 0.015625
0 0.314063 0.251563 0.006250 0.015625
0 0.314063 0.267188 0.006250 0.015625
0 0.314063 0.282813 0.006250 0.015625
0 0.314063 0.296875 0.006250 0.015625
0 0.314063 0.314063 0.006250 0.015625
0 0.314063 0.329688 0.006250 0.015625
0 0.314063 0.343750 0.006250 0.015625
0 0.314063 0.359375 0.006250 0.015625
0 0.314063 0.376563 0.006250 0.015625
0 0.314063 0.392188 0.006250 0.015625
0 0.314063 0.406250 0.006250 0.015625
0 0.314063 0.421875 0.006250 0.015625
0 0.314063 0.437500 0.006250 0.015625
0 0.314063 0.453125 0.006250 0.015625
0 0.314063 0.468750 0.006250 0.015625
0 0.314063 0.485938 0.006250 0.015625
0 0.314063 0.501563 0.006250 0.015625
0 0.314063 0.517188 0.006250 0.015625
0 0.314063 0.531250 0.006250 0.015625
0 0.314063 0.548438 0.006250 0.015625
0 0.314063 0.564063 0.006250 0.015625
0 0.314063 0.578125 0.006250 0.015625
0 0.314063 0.595313 0.006250 0.015625
0 0.314063 0.609375 0.006250 0.015625
0 0.329688 0.017188 0.006250 0.015625
0 0.329688 0.031250 0.006250 0.015625
0 0.329688 0.048438 0.006250 0.015625
0 0.329688 0.062500 0.006250 0.015625
0 0.329688 0.079687 0.006250 0.015625
0 0.329688 0.095312 0.006250 0.015625
0 0.329688 0.109375 0.006250 0.015625
0 0.329688 0.126562 0.006250 0.015625
0 0.329688 0.142187 0.006250 0.015625
0 0.329688 0.156250 0.006250 0.015625
0 0.329688 0.173437 0.006250 0.015625
0 0.329688 0.187500 0.006250 0.015625
0 0.329688 0.204687 0.006250 0.015625
0 0.329688 0.220312 0.006250 0.015625
0 0.329688 0.234375 0.006250 0.015625
0 0.329688 0.251563 0.006250 0.015625
0 0.329688 0.267188 0.006250 0.015625
0 0.329688 0.282813 0.006250 0.015625
0 0.329688 0.298438 0.006250 0.015625
0 0.329688 0.312500 0.006250 0.015625
0 0.329688 0.329688 0.006250 0.015625
0 0.329688 0.343750 0.006250 0.015625
0 0.329688 0.359375 0.006250 0.015625
0 0.329688 0.375000 0.006250 0.015625
0 0.329688 0.390625 0.006250 0.015625
0 0.329688 0.406250 0.006250 0.015625
0 0.329688 0.423438 0.006250 0.015625
0 0.329688 0.439063 0.006250 0.015625
0 0.329688 0.453125 0.006250 0.015625
0 0.329688 0.470313 0.006250 0.015625
0 0.329688 0.485938 0.006250 0.015625
0 0.329688 0.501563 0.006250 0.015625
0 0.329688 0.515625 0.006250 0.015625
0 0.329688 0.532813 0.006250 0.015625
0 0.329688 0.548438 0.006250 0.015625
0 0.329688 0.564063 0.006250 0.015625
0 0.329688 0.578125 0.006250 0.015625
0 0.329688 0.595313 0.006250 0.015625
0 0.329688 0.610938 0.006250 0.015625
0 0.345313 0.017188 0.006250 0.015625
0 0.345313 0.031250 0.006250 0.015625
0 0.345313 0.048438 0.006250 0.015625
0 0.345313 0.064062 0.006250 0.015625
0 0.345313 0.078125 0.006250 0.015625
0 0.345313 0.093750 0.006250 0.015625
0 0.345313 0.110937 0.006250 0.015625
0 0.345313 0.125000 0.006250 0.015625
0 0.345313 0.142187 0.006250 0.015625
0 0.345313 0.157812 0.006250 0.015625
0 0.345313 0.171875 0.006250 0.015625
0 0.345313 0.187500 0.006250 0.015625
0 0.345313 0.204687 0.006250 0.015625
0 0.345313 0.220312 0.006250 0.015625
0 0.345313 0.235937 0.006250 0.015625
0 0.345313 0.250000 0.006250 0.015625
0 0.345313 0.265625 0.006250 0.015625
0 0.345313 0.282813 0.006250 0.015625
0 0.345313 0.298438 0.006250 0.015625
0 0.345313 0.314063 0.006250 0.015625
0 0.345313 0.328125 0.006250 0.015625
0 0.345313 0.343750 0.006250 0.015625
0 0.345313 0.359375 0.006250 0.015625
0 0.345313 0.375000 0.006250 0.015625
0 0.345313 0.392188 0.006250 0.015625
0 0.345313 0.407813 0.006250 0.015625
0 0.345313 0.421875 0.006250 0.015625
0 0.345313 0.439063 0.006250 0.015625
0 0.345313 0.454688 0.006250 0.015625
0 0.345313 0.468750 0.006250 0.015625
0 0.345313 0.485938 0.006250 0.015625
0 0.345313 0.501563 0.006250 0.015625
0 0.345313 0.517188 0.006250 0.015625
0 0.345313 0.532813 0.006250 0.015625
0 0.345313 0.548438 0.006250 0.015625
0 0.345313 0.564063 0.006250 0.015625
0 0.345313 0.578125 0.006250 0.015625
0 0.345313 0.595313 0.006250 0.015625
0 0.345313 0.610938 0.006250 0.015625
0 0.360938 0.015625 0.006250 0.015625
0 0.360938 0.031250 0.006250 0.015625
0 0.360938 0.048438 0.006250 0.015625
0 0.360938 0.064062 0.006250 0.015625
0 0.360938 0.079687 0.006250 0.015625
0 0.360938 0.095312 0.006250 0.015625
0 0.360938 0.109375 0.006250 0.015625
0 0.360938 0.126562 0.006250 0.015625
0 0.360938 0.142187 0.006250 0.015625
0 0.360938 0.156250 0.006250 0.015625
0 0.360938 0.171875 0.006250 0.015625
0 0.360938 0.187500 0.006250 0.015625
0 0.360938 0.204687 0.006250 0.015625
0 0.360938 0.218750 0.006250 0.015625
0 0.360938 0.235937 0.006250 0.015625
0 0.360938 0.251563 0.006250 0.015625
0 0.360938 0.267188 0.006250 0.015625
0 0.360938 0.281250 0.006250 0.015625
0 0.360938 0.298438 0.006250 0.015625
0 0.360938 0.312500 0.006250 0.015625
0 0.360938 0.328125 0.006250 0.015625
0 0.360938 0.345313 0.006250 0.015625
0 0.360938 0.360938 0.006250 0.015625
0 0.360938 0.375000 0.006250 0.015625
0 0.360938 0.390625 0.006250 0.015625
0 0.360938 0.407813 0.006250 0.015625
0 0.360938 0.423438 0.006250 0.015625
0 0.360938 0.437500 0.006250 0.015625
0 0.360938 0.453125 0.006250 0.015625
0 0.360938 0.468750 0.006250 0.015625
0 0.360938 0.484375 0.006250 0.015625
0 0.360938 0.500000 0.006250 0.015625
0 0.360938 0.515625 0.006250 0.015625
0 0.360938 0.531250 0.006250 0.015625
0 0.360938 0.548438 0.006250 0.015625
0 0.360938 0.562500 0.006250 0.015625
0 0.360938 0.579688 0.006250 0.015625
0 0.360938 0.595313 0.006250 0.015625
0 0.360938 0.610938 0.006250 0.015625
0 0.376563 0.015625 0.006250 0.015625
0 0.376563 0.031250 0.006250 0.015625
0 0.376563 0.046875 0.006250 0.015625
0 0.376563 0.062500 0.006250 0.015625
0 0.376563 0.078125 0.006250 0.015625
0 0.376563 0.093750 0.006250 0.015625
0 0.376563 0.110937 0.006250 0.015625
0 0.376563 0.126562 0.006250 0.015625
0 0.376563 0.140625 0.006250 0.015625
0 0.376563 0.157812 0.006250 0.015625
0 0.376563 0.171875 0.006250 0.015625
0 0.376563 0.187500 0.006250 0.015625
0 0.376563 0.204687 0.006250 0.015625
0 0.376563 0.218750 0.006250 0.015625
0 0.376563 0.234375 0.006250 0.015625
0 0.376563 0.250000 0.006250 0.015625
0 0.376563 0.265625 0.006250 0.015625
0 0.376563 0.282813 0.006250 0.015625
0 0.376563 0.296875 0.006250 0.015625
0 0.376563 0.312500 0.006250 0.015625
0 0.376563 0.328125 0.006250 0.015625
0 0.376563 0.345313 0.006250 0.015625
0 0.376563 0.359375 0.006250 0.015625
0 0.376563 0.375000 0.006250 0.015625
0 0.376563 0.390625 0.006250 0.015625
0 0.376563 0.406250 0.006250 0.015625
0 0.376563 0.421875 0.006250 0.015625
0 0.376563 0.437500 0.006250 0.015625
0 0.376563 0.453125 0.006250 0.015625
0 0.376563 0.468750 0.006250 0.015625
0 0.376563 0.485938 0.006250 0.015625
0 0.376563 0.500000 0.006250 0.015625
0 0.376563 0.515625 0.006250 0.015625
0 0.376563 0.532813 0.006250 0.015625
0 0.376563 0.548438 0.006250 0.015625
0 0.376563 0.564063 0.006250 0.015625
0 0.376563 0.579688 0.006250 0.015625
0 0.376563 0.595313 0.006250 0.015625
0 0.376563 0.610938 0.006250 0.015625
0 0.392188 0.015625 0.006250 0.015625
0 0.392188 0.031250 0.006250 0.015625
0 0.392188 0.046875 0.006250 0.015625
0 0.392188 0.064062 0.006250 0.015625
0 0.392188 0.079687 0.006250 0.015625
0 0.392188 0.095312 0.006250 0.015625
0 0.392188 0.110937 0.006250 0.015625
0 0.392188 0.126562 0.006250 0.015625
0 0.392188 0.140625 0.006250 0.015625
0 0.392188 0.156250 0.006250 0.015625
0 0.392188 0.171875 0.006250 0.015625
0 0.392188 0.187500 0.006250 0.015625
0 0.392188 0.203125 0.006250 0.015625
0 0.392188 0.220312 0.006250 0.015625
0 0.392188 0.235937 0.006250 0.015625
0 0.392188 0.250000 0.006250 0.015625
0 0.392188 0.265625 0.006250 0.015625
0 0.392188 0.281250 0.006250 0.015625
0 0.392188 0.298438 0.006250 0.015625
0 0.392188 0.314063 0.006250 0.015625
0 0.392188 0.328125 0.006250 0.015625
0 0.392188 0.343750 0.006250 0.015625
0 0.392188 0.359375 0.006250 0.015625
0 0.392188 0.375000 0.006250 0.015625
0 0.392188 0.392188 0.006250 0.015625
0 0.392188 0.407813 0.006250 0.015625
0 0.392188 0.421875 0.006250 0.015625
0 0.392188 0.437500 0.006250 0.015625
0 0.392188 0.453125 0.006250 0.015625
0 0.392188 0.470313 0.006250 0.015625
0 0.392188 0.485938 0.006250 0.015625
0 0.392188 0.500000 0.006250 0.015625
0 0.392188 0.517188 0.006250 0.015625
0 0.392188 0.532813 0.006250 0.015625
0 0.392188 0.546875 0.006250 0.015625
0 0.392188 0.564063 0.006250 0.015625
0 0.392188 0.579688 0.006250 0.015625
0 0.392188 0.595313 0.006250 0.015625
0 0.392188 0.610938 0.006250 0.015625
0 0.407813 0.017188 0.006250 0.015625
0 0.407813 0.031250 0.006250 0.015625
0 0.407813 0.048438 0.006250 0.015625
0 0.407813 0.062500 0.006250 0.015625
0 0.407813 0.079687 0.006250 0.015625
0 0.407813 0.095312 0.006250 0.015625
0 0.407813 0.110937 0.006250 0.015625
0 0.407813 0.126562 0.006250 0.015625
0 0.407813 0.142187 0.006250 0.015625
0 0.407813 0.157812 0.006250 0.015625
0 0.407813 0.171875 0.006250 0.015625
0 0.407813 0.187500 0.006250 0.015625
0 0.407813 0.204687 0.006250 0.015625
0 0.407813 0.220312 0.006250 0.015625
0 0.407813 0.235937 0.006250 0.015625
0 0.407813 0.251563 0.006250 0.015625
0 0.407813 0.267188 0.006250 0.015625
0 0.407813 0.281250 0.006250 0.015625
0 0.407813 0.296875 0.006250 0.015625
0 0.407813 0.314063 0.006250 0.015625
0 0.407813 0.329688 0.006250 0.015625
0 0.407813 0.343750 0.006250 0.015625
0 0.407813 0.360938 0.006250 0.015625
0 0.407813 0.376563 0.006250 0.015625
0 0.407813 0.392188 0.006250 0.015625
0 0.407813 0.407813 0.006250 0.015625
0 0.407813 0.423438 0.006250 0.015625
0 0.407813 0.437500 0.006250 0.015625
0 0.407813 0.453125 0.006250 0.015625
0 0.407813 0.468750 0.006250 0.015625
0 0.407813 0.485938 0.006250 0.015625
0 0.407813 0.501563 0.006250 0.015625
0 0.407813 0.517188 0.006250 0.015625
0 0.407813 0.532813 0.006250 0.015625
0 0.407813 0.548438 0.006250 0.015625
0 0.407813 0.562500 0.006250 0.015625
0 0.407813 0.579688 0.006250 0.015625
0 0.407813 0.595313 0.006250 0.015625
0 0.407813 0.610938 0.006250 0.015625
0 0.423438 0.015625 0.006250 0.015625
0 0.423438 0.031250 0.006250 0.015625
0 0.423438 0.046875 0.006250 0.015625
0 0.423438 0.064062 0.006250 0.015625
0 0.423438 0.078125 0.006250 0.015625
0 0.423438 0.093750 0.006250 0.015625
0 0.423438 0.110937 0.006250 0.015625
0 0.423438 0.126562 0.006250 0.015625
0 0.423438 0.142187 0.006250 0.015625
0 0.423438 0.156250 0.006250 0.015625
0 0.423438 0.173437 0.006250 0.015625
0 0.423438 0.189062 0.006250 0.015625
0 0.423438 0.204687 0.006250 0.015625
0 0.423438 0.220312 0.006250 0.015625
0 0.423438 0.235937 0.006250 0.015625
0 0.423438 0.250000 0.006250 0.015625
0 0.423438 0.267188 0.006250 0.015625
0 0.423438 0.281250 0.006250 0.015625
0 0.423438 0.296875 0.006250 0.015625
0 0.423438 0.312500 0.006250 0.015625
0 0.423438 0.329688 0.006250 0.015625
0 0.423438 0.345313 0.006250 0.015625
0 0.423438 0.359375 0.006250 0.015625
0 0.423438 0.376563 0.006250 0.015625
0 0.423438 0.390625 0.006250 0.015625
0 0.423438 0.406250 0.006250 0.015625
0 0.423438 0.423438 0.006250 0.015625
0 0.423438 0.439063 0.006250 0.015625
0 0.423438 0.454688 0.006250 0.015625
0 0.423438 0.470313 0.006250 0.015625
0 0.423438 0.485938 0.006250 0.015625
0 0.423438 0.500000 0.006250 0.015625
0 0.423438 0.517188 0.006250 0.015625
0 0.423438 0.531250 0.006250 0.015625
0 0.423438 0.546875 0.006250 0.015625
0 0.423438 0.562500 0.006250 0.015625
0 0.423438 0.579688 0.006250 0.015625
0 0.423438 0.595313 0.006250 0.015625
0 0.423438 0.610938 0.006250 0.015625
0 0.439063 0.017188 0.006250 0.015625
0 0.439063 0.032813 0.006250 0.015625
0 0.439063 0.048438 0.006250 0.015625
0 0.439063 0.062500 0.006250 0.015625
0 0.439063 0.078125 0.006250 0.015625
0 0.439063 0.095312 0.006250 0.015625
0 0.439063 0.110937 0.006250 0.015625
0 0.439063 0.125000 0.006250 0.015625
0 0.439063 0.142187 0.006250 0.015625
0 0.439063 0.157812 0.006250 0.015625
0 0.439063 0.173437 0.006250 0.015625
0 0.439063 0.189062 0.006250 0.015625
0 0.439063 0.204687 0.006250 0.015625
0 0.439063 0.218750 0.006250 0.015625
0 0.439063 0.234375 0.006250 0.015625
0 0.439063 0.251563 0.006250 0.015625
0 0.439063 0.265625 0.006250 0.015625
0 0.439063 0.282813 0.006250 0.015625
0 0.439063 0.296875 0.006250 0.015625
0 0.439063 0.312500 0.006250 0.015625
0 0.439063 0.328125 0.006250 0.015625
0 0.439063 0.345313 0.006250 0.015625
0 0.439063 0.360938 0.006250 0.015625
0 0.439063 0.375000 0.006250 0.015625
0 0.439063 0.390625 0.006250 0.015625
0 0.439063 0.407813 0.006250 0.015625
0 0.439063 0.423438 0.006250 0.015625
0 0.439063 0.439063 0.006250 0.015625
0 0.439063 0.453125 0.006250 0.015625
0 0.439063 0.470313 0.006250 0.015625
0 0.439063 0.484375 0.006250 0.015625
0 0.439063 0.500000 0.006250 0.015625
0 0.439063 0.515625 0.006250 0.015625
0 0.439063 0.532813 0.006250 0.015625
0 0.439063 0.548438 0.006250 0.015625
0 0.439063 0.564063 0.006250 0.015625
0 0.439063 0.579688 0.006250 0.015625
0 0.439063 0.595313 0.006250 0.015625
0 0.439063 0.610938 0.006250 0.015625
0 0.454688 0.015625 0.006250 0.015625
0 0.454688 0.031250 0.006250 0.015625
0 0.454688 0.046875 0.006250 0.015625
0 0.454688 0.064062 0.006250 0.015625
0 0.454688 0.079687 0.006250 0.015625
0 0.454688 0.095312 0.006250 0.015625
0 0.454688 0.109375 0.006250 0.015625
0 0.454688 0.125000 0.006250 0.015625
0 0.454688 0.142187 0.006250 0.015625
0 0.454688 0.157812 0.006250 0.015625
0 0.454688 0.173437 0.006250 0.015625
0 0.454688 0.189062 0.006250 0.015625
0 0.454688 0.203125 0.006250 0.015625
0 0.454688 0.220312 0.006250 0.015625
0 0.454688 0.234375 0.006250 0.015625
0 0.454688 0.250000 0.006250 0.015625
0 0.454688 0.265625 0.006250 0.015625
0 0.454688 0.282813 0.006250 0.015625
0 0.454688 0.296875 0.006250 0.015625
0 0.454688 0.314063 0.006250 0.015625
0 0.454688 0.329688 0.006250 0.015625
0 0.454688 0.345313 0.006250 0.015625
0 0.454688 0.360938 0.006250 0.015625
0 0.454688 0.376563 0.006250 0.015625
0 0.454688 0.390625 0.006250 0.015625
0 0.454688 0.406250 0.006250 0.015625
0 0.454688 0.423438 0.006250 0.015625
0 0.454688 0.437500 0.006250 0.015625
0 0.454688 0.453125 0.006250 0.015625
0 0.454688 0.468750 0.006250 0.015625
0 0.454688 0.484375 0.006250 0.015625
0 0.454688 0.501563 0.006250 0.015625
0 0.454688 0.517188 0.006250 0.015625
0 0.454688 0.532813 0.006250 0.015625
0 0.454688 0.548438 0.006250 0.015625
0 0.454688 0.564063 0.006250 0.015625
0 0.454688 0.579688 0.006250 0.015625
0 0.454688 0.595313 0.006250 0.015625
0 0.454688 0.610938 0.006250 0.015625
0 0.470313 0.015625 0.006250 0.015625
0 0.470313 0.031250 0.006250 0.015625
0 0.470313 0.046875 0.006250 0.015625
0 0.470313 0.062500 0.006250 0.015625
0 0.470313 0.079687 0.006250 0.015625
0 0.470313 0.093750 0.006250 0.015625
0 0.470313 0.109375 0.006250 0.015625
0 0.470313 0.126562 0.006250 0.015625
0 0.470313 0.142187 0.006250 0.015625
0 0.470313 0.157812 0.006250 0.015625
0 0.470313 0.173437 0.006250 0.015625
0 0.470313 0.189062 0.006250 0.015625
0 0.470313 0.204687 0.006250 0.015625
0 0.470313 0.218750 0.006250 0.015625
0 0.470313 0.235937 0.006250 0.015625
0 0.470313 0.251563 0.006250 0.015625
0 0.470313 0.265625 0.006250 0.015625
0 0.470313 0.281250 0.006250 0.015625
0 0.470313 0.298438 0.006250 0.015625
0 0.470313 0.314063 0.006250 0.015625
0 0.470313 0.328125 0.006250 0.015625
0 0.470313 0.345313 0.006250 0.015625
0 0.470313 0.359375 0.006250 0.015625
0 0.470313 0.376563 0.006250 0.015625
0 0.470313 0.392188 0.006250 0.015625
0 0.470313 0.406250 0.006250 0.015625
0 0.470313 0.423438 0.006250 0.015625
0 0.470313 0.439063 0.006250 0.015625
0 0.470313 0.454688 0.006250 0.015625
0 0.470313 0.468750 0.006250 0.015625
0 0.470313 0.485938 0.006250 0.015625
0 0.470313 0.501563 0.006250 0.015625
0 0.470313 0.515625 0.006250 0.015625
0 0.470313 0.532813 0.006250 0.015625
0 0.470313 0.548438 0.006250 0.015625
0 0.470313 0.564063 0.006250 0.015625
0 0.470313 0.579688 0.006250 0.015625
0 0.470313 0.595313 0.006250 0.015625
0 0.470313 0.610938 0.006250 0.015625
0 0.485938 0.015625 0.006250 0.015625
0 0.485938 0.032813 0.006250 0.015625
0 0.485938 0.048438 0.006250 0.015625
0 0.485938 0.062500 0.006250 0.015625
0 0.485938 0.078125 0.006250 0.015625
0 0.485938 0.093750 0.006250 0.015625
0 0.485938 0.109375 0.006250 0.015625
0 0.485938 0.126562 0.006250 0.015625
0 0.485938 0.140625 0.006250 0.015625
0 0.485938 0.157812 0.006250 0.015625
0 0.485938 0.173437 0.006250 0.015625
0 0.485938 0.189062 0.006250 0.015625
0 0.485938 0.203125 0.006250 0.015625
0 0.485938 0.220312 0.006250 0.015625
0 0.485938 0.235937 0.006250 0.015625
0 0.485938 0.251563 0.006250 0.015625
0 0.485938 0.265625 0.006250 0.015625
0 0.485938 0.282813 0.006250 0.015625
0 0.485938 0.296875 0.006250 0.015625
0 0.485938 0.314063 0.006250 0.015625
0 0.485938 0.328125 0.006250 0.015625
0 0.485938 0.343750 0.006250 0.015625
0 0.485938 0.360938 0.006250 0.015625
0 0.485938 0.375000 0.006250 0.015625
0 0.485938 0.390625 0.006250 0.015625
0 0.485938 0.407813 0.006250 0.015625
0 0.485938 0.423438 0.006250 0.015625
0 0.485938 0.439063 0.006250 0.015625
0 0.485938 0.453125 0.006250 0.015625
0 0.485938 0.468750 0.006250 0.015625
0 0.485938 0.485938 0.006250 0.015625
0 0.485938 0.501563 0.006250 0.015625
0 0.485938 0.517188 0.006250 0.015625
0 0.485938 0.531250 0.006250 0.015625
0 0.485938 0.548438 0.006250 0.015625
0 0.485938 0.562500 0.006250 0.015625
0 0.485938 0.578125 0.006250 0.015625
0 0.485938 0.595313 0.006250 0.015625
0 0.485938 0.610938 0.006250 0.015625
0 0.501563 0.015625 0.006250 0.015625
0 0.501563 0.032813 0.006250 0.015625
0 0.501563 0.046875 0.006250 0.015625
0 0.501563 0.062500 0.006250 0.015625
0 0.501563 0.078125 0.006250 0.015625
0 0.501563 0.093750 0.006250 0.015625
0 0.501563 0.110937 0.006250 0.015625
0 0.501563 0.126562 0.006250 0.015625
0 0.501563 0.142187 0.006250 0.015625
0 0.501563 0.157812 0.006250 0.015625
0 0.501563 0.171875 0.006250 0.015625
0 0.501563 0.187500 0.006250 0.015625
0 0.501563 0.204687 0.006250 0.015625
0 0.501563 0.220312 0.006250 0.015625
0 0.501563 0.235937 0.006250 0.015625
0 0.501563 0.251563 0.006250 0.015625
0 0.501563 0.265625 0.006250 0.015625
0 0.501563 0.281250 0.006250 0.015625
0 0.501563 0.296875 0.006250 0.015625
0 0.501563 0.312500 0.006250 0.015625
0 0.501563 0.328125 0.006250 0.015625
0 0.501563 0.345313 0.006250 0.015625
0 0.501563 0.360938 0.006250 0.015625
0 0.501563 0.376563 0.006250 0.015625
0 0.501563 0.392188 0.006250 0.015625
0 0.501563 0.407813 0.006250 0.015625
0 0.501563 0.423438 0.006250 0.015625
0 0.501563 0.437500 0.006250 0.015625
0 0.501563 0.453125 0.006250 0.015625
0 0.501563 0.468750 0.006250 0.015625
0 0.501563 0.485938 0.006250 0.015625
0 0.501563 0.500000 0.006250 0.015625
0 0.501563 0.517188 0.006250 0.015625
0 0.501563 0.531250 0.006250 0.015625
0 0.501563 0.548438 0.006250 0.015625
0 0.501563 0.562500 0.006250 0.015625
0 0.501563 0.578125 0.006250 0.015625
0 0.501563 0.595313 0.006250 0.015625
0 0.501563 0.609375 0.006250 0.015625
0 0.517188 0.015625 0.006250 0.015625
0 0.517188 0.031250 0.006250 0.015625
0 0.517188 0.048438 0.006250 0.015625
0 0.517188 0.062500 0.006250 0.015625
0 0.517188 0.079687 0.006250 0.015625
0 0.517188 0.093750 0.006250 0.015625
0 0.517188 0.109375 0.006250 0.015625
0 0.517188 0.126562 0.006250 0.015625
0 0.517188 0.140625 0.006250 0.015625
0 0.517188 0.156250 0.006250 0.015625
0 0.517188 0.173437 0.006250 0.015625
0 0.517188 0.189062 0.006250 0.015625
0 0.517188 0.203125 0.006250 0.015625
0 0.517188 0.218750 0.006250 0.015625
0 0.517188 0.235937 0.006250 0.015625
0 0.517188 0.251563 0.006250 0.015625
0 0.517188 0.265625 0.006250 0.015625
0 0.517188 0.282813 0.006250 0.015625
0 0.517188 0.296875 0.006250 0.015625
0 0.517188 0.314063 0.006250 0.015625
0 0.517188 0.328125 0.006250 0.015625
0 0.517188 0.343750 0.006250 0.015625
0 0.517188 0.360938 0.006250 0.015625
0 0.517188 0.375000 0.006250 0.015625
0 0.517188 0.392188 0.006250 0.015625
0 0.517188 0.406250 0.006250 0.015625
0 0.517188 0.423438 0.006250 0.015625
0 0.517188 0.439063 0.006250 0.015625
0 0.517188 0.453125 0.006250 0.015625
0 0.517188 0.470313 0.006250 0.015625
0 0.517188 0.485938 0.006250 0.015625
0 0.517188 0.501563 0.006250 0.015625
0 0.517188 0.515625 0.006250 0.015625
0 0.517188 0.532813 0.006250 0.015625
0 0.517188 0.548438 0.006250 0.015625
0 0.517188 0.564063 0.006250 0.015625
0 0.517188 0.578125 0.006250 0.015625
0 0.517188 0.595313 0.006250 0.015625
0 0.517188 0.609375 0.006250 0.015625
0 0.532813 0.017188 0.006250 0.015625
0 0.532813 0.032813 0.006250 0.015625
0 0.532813 0.048438 0.006250 0.015625
0 0.532813 0.062500 0.006250 0.015625
0 0.532813 0.079687 0.006250 0.015625
0 0.532813 0.095312 0.006250 0.015625
0 0.532813 0.109375 0.006250 0.015625
0 0.532813 0.125000 0.006250 0.015625
0 0.532813 0.140625 0.006250 0.015625
0 0.532813 0.157812 0.006250 0.015625
0 0.532813 0.171875 0.006250 0.015625
0 0.532813 0.187500 0.006250 0.015625
0 0.532813 0.203125 0.006250 0.015625
0 0.532813 0.220312 0.006250 0.015625
0 0.532813 0.234375 0.006250 0.015625
0 0.532813 0.251563 0.006250 0.015625
0 0.532813 0.267188 0.006250 0.015625
0 0.532813 0.281250 0.006250 0.015625
0 0.532813 0.298438 0.006250 0.015625
0 0.532813 0.312500 0.006250 0.015625
0 0.532813 0.328125 0.006250 0.015625
0 0.532813 0.343750 0.006250 0.015625
0 0.532813 0.360938 0.006250 0.015625
0 0.532813 0.376563 0.006250 0.015625
0 0.532813 0.392188 0.006250 0.015625
0 0.532813 0.406250 0.006250 0.015625
0 0.532813 0.421875 0.006250 0.015625
0 0.532813 0.439063 0.006250 0.015625
0 0.532813 0.453125 0.006250 0.015625
0 0.532813 0.470313 0.006250 0.015625
0 0.532813 0.484375 0.006250 0.015625
0 0.532813 0.500000 0.006250 0.015625
0 0.532813 0.517188 0.006250 0.015625
0 0.532813 0.531250 0.006250 0.015625
0 0.532813 0.548438 0.006250 0.015625
0 0.532813 0.562500 0.006250 0.015625
0 0.532813 0.579688 0.006250 0.015625
0 0.532813 0.595313 0.006250 0.015625
0 0.532813 0.610938 0.006250 0.015625
0 0.548438 0.017188 0.006250 0.015625
0 0.548438 0.032813 0.006250 0.015625
0 0.548438 0.046875 0.006250 0.015625
0 0.548438 0.064062 0.006250 0.015625
0 0.548438 0.079687 0.006250 0.015625
0 0.548438 0.095312 0.006250 0.015625
0 0.548438 0.109375 0.006250 0.015625
0 0.548438 0.125000 0.006250 0.015625
0 0.548438 0.142187 0.006250 0.015625
0 0.548438 0.157812 0.006250 0.015625
0 0.548438 0.171875 0.006250 0.015625
0 0.548438 0.189062 0.006250 0.015625
0 0.548438 0.204687 0.006250 0.015625
0 0.548438 0.218750 0.006250 0.015625
0 0.548438 0.235937 0.006250 0.015625
0 0.548438 0.251563 0.006250 0.015625
0 0.548438 0.267188 0.006250 0.015625
0 0.548438 0.281250 0.006250 0.015625
0 0.548438 0.298438 0.006250 0.015625
0 0.548438 0.314063 0.006250 0.015625
0 0.548438 0.328125 0.006250 0.015625
0 0.548438 0.345313 0.006250 0.015625
0 0.548438 0.359375 0.006250 0.015625
0 0.548438 0.375000 0.006250 0.015625
0 0.548438 0.392188 0.006250 0.015625
0 0.548438 0.407813 0.006250 0.015625
0 0.548438 0.423438 0.006250 0.015625
0 0.548438 0.439063 0.006250 0.015625
0 0.548438 0.453125 0.006250 0.015625
0 0.548438 0.468750 0.006250 0.015625
0 0.548438 0.485938 0.006250 0.015625
0 0.548438 0.501563 0.006250 0.015625
0 0.548438 0.517188 0.006250 0.015625
0 0.548438 0.532813 0.006250 0.015625
0 0.548438 0.546875 0.006250 0.015625
0 0.548438 0.564063 0.006250 0.015625
0 0.548438 0.578125 0.006250 0.015625
0 0.548438 0.595313 0.006250 0.015625
0 0.548438 0.610938 0.006250 0.015625
0 0.564063 0.015625 0.006250 0.015625
0 0.564063 0.032813 0.006250 0.015625
0 0.564063 0.046875 0.006250 0.015625
0 0.564063 0.062500 0.006250 0.015625
0 0.564063 0.078125 0.006250 0.015625
0 0.564063 0.093750 0.006250 0.015625
0 0.564063 0.109375 0.006250 0.015625
0 0.564063 0.125000 0.006250 0.015625
0 0.564063 0.140625 0.006250 0.015625
0 0.564063 0.156250 0.006250 0.015625
0 0.564063 0.171875 0.006250 0.015625
0 0.564063 0.187500 0.006250 0.015625
0 0.564063 0.204687 0.006250 0.015625
0 0.564063 0.218750 0.006250 0.015625
0 0.564063 0.235937 0.006250 0.015625
0 0.564063 0.251563 0.006250 0.015625
0 0.564063 0.265625 0.006250 0.015625
0 0.564063 0.282813 0.006250 0.015625
0 0.564063 0.298438 0.006250 0.015625
0 0.564063 0.312500 0.006250 0.015625
0 0.564063 0.329688 0.006250 0.015625
0 0.564063 0.345313 0.006250 0.015625
0 0.564063 0.360938 0.006250 0.015625
0 0.564063 0.375000 0.006250 0.015625
0 0.564063 0.392188 0.006250 0.015625
0 0.564063 0.407813 0.006250 0.015625
0 0.564063 0.423438 0.006250 0.015625
0 0.564063 0.439063 0.006250 0.015625
0 0.564063 0.453125 0.006250 0.015625
0 0.564063 0.468750 0.006250 0.015625
0 0.564063 0.485938 0.006250 0.015625
0 0.564063 0.501563 0.006250 0.015625
0 0.564063 0.515625 0.006250 0.015625
0 0.564063 0.532813 0.006250 0.015625
0 0.564063 0.548438 0.006250 0.015625
0 0.564063 0.564063 0.006250 0.015625
0 0.564063 0.578125 0.006250 0.015625
0 0.564063 0.595313 0.006250 0.015625
0 0.564063 0.609375 0.006250 0.015625
0 0.579688 0.017188 0.006250 0.015625
0 0.579688 0.031250 0.006250 0.015625
0 0.579688 0.048438 0.006250 0.015625
0 0.579688 0.064062 0.006250 0.015625
0 0.579688 0.079687 0.006250 0.015625
0 0.579688 0.095312 0.006250 0.015625
0 0.579688 0.109375 0.006250 0.015625
0 0.579688 0.125000 0.006250 0.015625
0 0.579688 0.142187 0.006250 0.015625
0 0.579688 0.157812 0.006250 0.015625
0 0.579688 0.171875 0.006250 0.015625
0 0.579688 0.187500 0.006250 0.015625
0 0.579688 0.203125 0.006250 0.015625
0 0.579688 0.220312 0.006250 0.015625
0 0.579688 0.234375 0.006250 0.015625
0 0.579688 0.250000 0.006250 0.015625
0 0.579688 0.265625 0.006250 0.015625
0 0.579688 0.282813 0.006250 0.015625
0 0.579688 0.298438 0.006250 0.015625
0 0.579688 0.312500 0.006250 0.015625
0 0.579688 0.329688 0.006250 0.015625
0 0.579688 0.345313 0.006250 0.015625
0 0.579688 0.360938 0.006250 0.015625
0 0.579688 0.392188 0.006250 0.015625
0 0.579688 0.407813 0.006250 0.015625
0 0.579688 0.421875 0.006250 0.015625
0 0.579688 0.439063 0.006250 0.015625
0 0.579688 0.454688 0.006250 0.015625
0 0.579688 0.468750 0.006250 0.015625
0 0.579688 0.485938 0.006250 0.015625
0 0.579688 0.501563 0.006250 0.015625
0 0.579688 0.517188 0.006250 0.015625
0 0.579688 0.532813 0.006250 0.015625
0 0.579688 0.548438 0.006250 0.015625
0 0.579688 0.562500 0.006250 0.015625
0 0.579688 0.579688 0.006250 0.015625
0 0.579688 0.595313 0.006250 0.015625
0 0.579688 0.609375 0.006250 0.015625
0 0.595313 0.015625 0.006250 0.015625
0 0.595313 0.032813 0.006250 0.015625
0 0.595313 0.048438 0.006250 0.015625
0 0.595313 0.062500 0.006250 0.015625
0 0.595313 0.078125 0.006250 0.015625
0 0.595313 0.095312 0.006250 0.015625
0 0.595313 0.110937 0.006250 0.015625
0 0.595313 0.126562 0.006250 0.015625
0 0.595313 0.142187 0.006250 0.015625
0 0.595313 0.157812 0.006250 0.015625
0 0.595313 0.173437 0.006250 0.015625
0 0.595313 0.189062 0.006250 0.015625
0 0.595313 0.203125 0.006250 0.015625
0 0.595313 0.220312 0.006250 0.015625
0 0.595313 0.235937 0.006250 0.015625
0 0.595313 0.251563 0.006250 0.015625
0 0.595313 0.267188 0.006250 0.015625
0 0.595313 0.282813 0.006250 0.015625
0 0.595313 0.296875 0.006250 0.015625
0 0.595313 0.314063 0.006250 0.015625
0 0.595313 0.328125 0.006250 0.015625
0 0.595313 0.343750 0.006250 0.015625
0 0.595313 0.360938 0.006250 0.015625
0 0.595313 0.375000 0.006250 0.015625
0 0.595313 0.392188 0.006250 0.015625
0 0.595313 0.407813 0.006250 0.015625
0 0.595313 0.423438 0.006250 0.015625
0 0.595313 0.437500 0.006250 0.015625
0 0.595313 0.454688 0.006250 0.015625
0 0.595313 0.470313 0.006250 0.015625
0 0.595313 0.484375 0.006250 0.015625
0 0.595313 0.501563 0.006250 0.015625
0 0.595313 0.515625 0.006250 0.015625
0 0.595313 0.532813 0.006250 0.015625
0 0.595313 0.546875 0.006250 0.015625
0 0.595313 0.564063 0.006250 0.015625
0 0.595313 0.579688 0.006250 0.015625
0 0.595313 0.595313 0.006250 0.015625
0 0.595313 0.610938 0.006250 0.015625
0 0.610938 0.017188 0.006250 0.015625
0 0.610938 0.032813 0.006250 0.015625
0 0.610938 0.048438 0.006250 0.015625
0 0.610938 0.064062 0.006250 0.015625
0 0.610938 0.079687 0.006250 0.015625
0 0.610938 0.095312 0.006250 0.015625
0 0.610938 0.109375 0.006250 0.015625
0 0.610938 0.126562 0.006250 0.015625
0 0.610938 0.140625 0.006250 0.015625
0 0.610938 0.156250 0.006250 0.015625
0 0.610938 0.173437 0.006250 0.015625
0 0.610938 0.189062 0.006250 0.015625
0 0.610938 0.204687 0.006250 0.015625
0 0.610938 0.220312 0.006250 0.015625
0 0.610938 0.235937 0.006250 0.015625
0 0.610938 0.250000 0.006250 0.015625
0 0.610938 0.265625 0.006250 0.015625
0 0.610938 0.282813 0.006250 0.015625
0 0.610938 0.296875 0.006250 0.015625
0 0.610938 0.312500 0.006250 0.015625
0 0.610938 0.329688 0.006250 0.015625
0 0.610938 0.343750 0.006250 0.015625
0 0.610938 0.359375 0.006250 0.015625
0 0.610938 0.375000 0.006250 0.015625
0 0.610938 0.392188 0.006250 0.015625
0 0.610938 0.406250 0.006250 0.015625
0 0.610938 0.423438 0.006250 0.015625
0 0.610938 0.439063 0.006250 0.015625
0 0.610938 0.453125 0.006250 0.015625
0 0.610938 0.468750 0.006250 0.015625
0 0.610938 0.485938 0.006250 0.015625
0 0.610938 0.500000 0.006250 0.015625
0 0.610938 0.517188 0.006250 0.015625
0 0.610938 0.532813 0.006250 0.015625
0 0.610938 0.548438 0.006250 0.015625
0 0.610938 0.564063 0.006250 0.015625
0 0.610938 0.579688 0.006250 0.015625
0 0.610938 0.593750 0.006250 0.015625
0 0.610938 0.610938 0.006250 0.015625
0 0.626563 0.017188 0.006250 0.015625
0 0.626563 0.032813 0.006250 0.015625
0 0.626563 0.048438 0.006250 0.015625
0 0.626563 0.064062 0.006250 0.015625
0 0.626563 0.079687 0.006250 0.015625
0 0.626563 0.093750 0.006250 0.015625
0 0.626563 0.109375 0.006250 0.015625
0 0.626563 0.126562 0.006250 0.015625
0 0.626563 0.142187 0.006250 0.015625
0 0.626563 0.157812 0.006250 0.015625
0 0.626563 0.171875 0.006250 0.015625
0 0.626563 0.187500 0.006250 0.015625
0 0.626563 0.204687 0.006250 0.015625
0 0.626563 0.218750 0.006250 0.015625
0 0.626563 0.235937 0.006250 0.015625
0 0.626563 0.251563 0.006250 0.015625
0 0.626563 0.267188 0.006250 0.015625
0 0.626563 0.282813 0.006250 0.015625
0 0.626563 0.296875 0.006250 0.015625
0 0.626563 0.314063 0.006250 0.015625
0 0.626563 0.329688 0.006250 0.015625
0 0.626563 0.345313 0.006250 0.015625
0 0.626563 0.360938 0.006250 0.015625
0 0.626563 0.375000 0.006250 0.015625
0 0.626563 0.392188 0.006250 0.015625
0 0.626563 0.406250 0.006250 0.015625
0 0.626563 0.421875 0.006250 0.015625
0 0.626563 0.439063 0.006250 0.015625
0 0.626563 0.453125 0.006250 0.015625
0 0.626563 0.470313 0.006250 0.015625
0 0.626563 0.485938 0.006250 0.015625
0 0.626563 0.500000 0.006250 0.015625
0 0.626563 0.517188 0.006250 0.015625
0 0.626563 0.532813 0.006250 0.015625
0 0.626563 0.548438 0.006250 0.015625
0 0.626563 0.564063 0.006250 0.015625
0 0.626563 0.579688 0.006250 0.015625
0 0.626563 0.595313 0.006250 0.015625
0 0.626563 0.610938 0.006250 0.015625
0 0.642188 0.015625 0.006250 0.015625
0 0.642188 0.031250 0.006250 0.015625
0 0.642188 0.048438 0.006250 0.015625
0 0.642188 0.064062 0.006250 0.015625
0 0.642188 0.078125 0.006250 0.015625
0 0.642188 0.095312 0.006250 0.015625
0 0.642188 0.110937 0.006250 0.015625
0 0.642188 0.125000 0.006250 0.015625
0 0.642188 0.140625 0.006250 0.015625
0 0.642188 0.157812 0.006250 0.015625
0 0.642188 0.173437 0.006250 0.015625
0 0.642188 0.189062 0.006250 0.015625
0 0.642188 0.203125 0.006250 0.015625
0 0.642188 0.218750 0.006250 0.015625
0 0.642188 0.234375 0.006250 0.015625
0 0.642188 0.251563 0.006250 0.015625
0 0.642188 0.267188 0.006250 0.015625
0 0.642188 0.282813 0.006250 0.015625
0 0.642188 0.296875 0.006250 0.015625
0 0.642188 0.314063 0.006250 0.015625
0 0.642188 0.328125 0.006250 0.015625
0 0.642188 0.343750 0.006250 0.015625
0 0.642188 0.360938 0.006250 0.015625
0 0.642188 0.375000 0.006250 0.015625
0 0.642188 0.390625 0.006250 0.015625
0 0.642188 0.406250 0.006250 0.015625
0 0.642188 0.423438 0.006250 0.015625
0 0.642188 0.439063 0.006250 0.015625
0 0.642188 0.454688 0.006250 0.015625
0 0.642188 0.470313 0.006250 0.015625
0 0.642188 0.485938 0.006250 0.015625
0 0.642188 0.501563 0.006250 0.015625
0 0.642188 0.517188 0.006250 0.015625
0 0.642188 0.531250 0.006250 0.015625
0 0.642188 0.548438 0.006250 0.015625
0 0.642188 0.562500 0.006250 0.015625
0 0.642188 0.579688 0.006250 0.015625
0 0.642188 0.595313 0.006250 0.015625
0 0.642188 0.610938 0.006250 0.015625
0 0.657813 0.017188 0.006250 0.015625
0 0.657813 0.032813 0.006250 0.015625
0 0.657813 0.048438 0.006250 0.015625
0 0.657813 0.064062 0.006250 0.015625
0 0.657813 0.079687 0.006250 0.015625
0 0.657813 0.095312 0.006250 0.015625
0 0.657813 0.110937 0.006250 0.015625
0 0.657813 0.125000 0.006250 0.015625
0 0.657813 0.142187 0.006250 0.015625
0 0.657813 0.157812 0.006250 0.015625
0 0.657813 0.171875 0.006250 0.015625
0 0.657813 0.189062 0.006250 0.015625
0 0.657813 0.204687 0.006250 0.015625
0 0.657813 0.218750 0.006250 0.015625
0 0.657813 0.235937 0.006250 0.015625
0 0.657813 0.251563 0.006250 0.015625
0 0.657813 0.267188 0.006250 0.015625
0 0.657813 0.282813 0.006250 0.015625
0 0.657813 0.296875 0.006250 0.015625
0 0.657813 0.312500 0.006250 0.015625
0 0.657813 0.328125 0.006250 0.015625
0 0.657813 0.345313 0.006250 0.015625
0 0.657813 0.359375 0.006250 0.015625
0 0.657813 0.375000 0.006250 0.015625
0 0.657813 0.390625 0.006250 0.015625
0 0.657813 0.407813 0.006250 0.015625
0 0.657813 0.423438 0.006250 0.015625
0 0.657813 0.439063 0.006250 0.015625
0 0.657813 0.454688 0.006250 0.015625
0 0.657813 0.470313 0.006250 0.015625
0 0.657813 0.484375 0.006250 0.015625
0 0.657813 0.500000 0.006250 0.015625
0 0.657813 0.517188 0.006250 0.015625
0 0.657813 0.532813 0.006250 0.015625
0 0.657813 0.548438 0.006250 0.015625
0 0.657813 0.564063 0.006250 0.015625
0 0.657813 0.610938 0.006250 0.015625
0 0.673438 0.015625 0.006250 0.015625
0 0.673438 0.031250 0.006250 0.015625
0 0.673438 0.062500 0.006250 0.015625
0 0.673438 0.079687 0.006250 0.015625
0 0.673438 0.095312 0.006250 0.015625
0 0.673438 0.110937 0.006250 0.015625
0 0.673438 0.125000 0.006250 0.015625
0 0.673438 0.142187 0.006250 0.015625
0 0.673438 0.157812 0.006250 0.015625
0 0.673438 0.171875 0.006250 0.015625
0 0.673438 0.189062 0.006250 0.015625
0 0.673438 0.204687 0.006250 0.015625
0 0.673438 0.218750 0.006250 0.015625
0 0.673438 0.235937 0.006250 0.015625
0 0.673438 0.251563 0.006250 0.015625
0 0.673438 0.265625 0.006250 0.015625
0 0.673438 0.282813 0.006250 0.015625
0 0.673438 0.296875 0.006250 0.015625
0 0.673438 0.312500 0.006250 0.015625
0 0.673438 0.329688 0.006250 0.015625
0 0.673438 0.345313 0.006250 0.015625
0 0.673438 0.359375 0.006250 0.015625
0 0.673438 0.376563 0.006250 0.015625
0 0.673438 0.392188 0.006250 0.015625
0 0.673438 0.407813 0.006250 0.015625
0 0.673438 0.439063 0.006250 0.015625
0 0.673438 0.454688 0.006250 0.015625
0 0.673438 0.470313 0.006250 0.015625
0 0.673438 0.484375 0.006250 0.015625
0 0.673438 0.501563 0.006250 0.015625
0 0.673438 0.515625 0.006250 0.015625
0 0.673438 0.532813 0.006250 0.015625
0 0.673438 0.548438 0.006250 0.015625
0 0.673438 0.564063 0.006250 0.015625
0 0.673438 0.579688 0.006250 0.015625
0 0.673438 0.595313 0.006250 0.015625
0 0.673438 0.610938 0.006250 0.015625
0 0.689063 0.015625 0.006250 0.015625
0 0.689063 0.031250 0.006250 0.015625
0 0.689063 0.048438 0.006250 0.015625
0 0.689063 0.062500 0.006250 0.015625
0 0.689063 0.079687 0.006250 0.015625
0 0.689063 0.095312 0.006250 0.015625
0 0.689063 0.110937 0.006250 0.015625
0 0.689063 0.126562 0.006250 0.015625
0 0.689063 0.142187 0.006250 0.015625
0 0.689063 0.157812 0.006250 0.015625
0 0.689063 0.171875 0.006250 0.015625
0 0.689063 0.189062 0.006250 0.015625
0 0.689063 0.203125 0.006250 0.015625
0 0.689063 0.218750 0.006250 0.015625
0 0.689063 0.235937 0.006250 0.015625
0 0.689063 0.251563 0.006250 0.015625
0 0.689063 0.267188 0.006250 0.015625
0 0.689063 0.282813 0.006250 0.015625
0 0.689063 0.296875 0.006250 0.015625
0 0.689063 0.314063 0.006250 0.015625
0 0.689063 0.329688 0.006250 0.015625
0 0.689063 0.343750 0.006250 0.015625
0 0.689063 0.360938 0.006250 0.015625
0 0.689063 0.376563 0.006250 0.015625
0 0.689063 0.390625 0.006250 0.015625
0 0.689063 0.407813 0.006250 0.015625
0 0.689063 0.423438 0.006250 0.015625
0 0.689063 0.439063 0.006250 0.015625
0 0.689063 0.454688 0.006250 0.015625
0 0.689063 0.470313 0.006250 0.015625
0 0.689063 0.485938 0.006250 0.015625
0 0.689063 0.501563 0.006250 0.015625
0 0.689063 0.517188 0.006250 0.015625
0 0.689063 0.532813 0.006250 0.015625
0 0.689063 0.548438 0.006250 0.015625
0 0.689063 0.564063 0.006250 0.015625
0 0.689063 0.579688 0.006250 0.015625
0 0.689063 0.595313 0.006250 0.015625
0 0.689063 0.610938 0.006250 0.015625
0 0.704688 0.017188 0.006250 0.015625
0 0.704688 0.032813 0.006250 0.015625
0 0.704688 0.046875 0.006250 0.015625
0 0.704688 0.062500 0.006250 0.015625
0 0.704688 0.079687 0.006250 0.015625
0 0.704688 0.093750 0.006250 0.015625
0 0.704688 0.109375 0.006250 0.015625
0 0.704688 0.125000 0.006250 0.015625
0 0.704688 0.142187 0.006250 0.015625
0 0.704688 0.157812 0.006250 0.015625
0 0.704688 0.173437 0.006250 0.015625
0 0.704688 0.189062 0.006250 0.015625
0 0.704688 0.204687 0.006250 0.015625
0 0.704688 0.220312 0.006250 0.015625
0 0.704688 0.235937 0.006250 0.015625
0 0.704688 0.251563 0.006250 0.015625
0 0.704688 0.265625 0.006250 0.015625
0 0.704688 0.282813 0.006250 0.015625
0 0.704688 0.296875 0.006250 0.015625
0 0.704688 0.314063 0.006250 0.015625
0 0.704688 0.328125 0.006250 0.015625
0 0.704688 0.343750 0.006250 0.015625
0 0.704688 0.360938 0.006250 0.015625
0 0.704688 0.376563 0.006250 0.015625
0 0.704688 0.392188 0.006250 0.015625
0 0.704688 0.407813 0.006250 0.015625
0 0.704688 0.423438 0.006250 0.015625
0 0.704688 0.439063 0.006250 0.015625
0 0.704688 0.454688 0.006250 0.015625
0 0.704688 0.470313 0.006250 0.015625
0 0.704688 0.485938 0.006250 0.015625
0 0.704688 0.501563 0.006250 0.015625
0 0.704688 0.517188 0.006250 0.015625
0 0.704688 0.532813 0.006250 0.015625
0 0.704688 0.548438 0.006250 0.015625
0 0.704688 0.564063 0.006250 0.015625
0 0.704688 0.579688 0.006250 0.015625
0 0.704688 0.595313 0.006250 0.015625
0 0.704688 0.610938 0.006250 0.015625
0 0.720313 0.015625 0.006250 0.015625
0 0.720313 0.032813 0.006250 0.015625
0 0.720313 0.048438 0.006250 0.015625
0 0.720313 0.064062 0.006250 0.015625
0 0.720313 0.078125 0.006250 0.015625
0 0.720313 0.095312 0.006250 0.015625
0 0.720313 0.110937 0.006250 0.015625
0 0.720313 0.125000 0.006250 0.015625
0 0.720313 0.142187 0.006250 0.015625
0 0.720313 0.157812 0.006250 0.015625
0 0.720313 0.173437 0.006250 0.015625
0 0.720313 0.189062 0.006250 0.015625
0 0.720313 0.204687 0.006250 0.015625
0 0.720313 0.220312 0.006250 0.015625
0 0.720313 0.234375 0.006250 0.015625
0 0.720313 0.250000 0.006250 0.015625
0 0.720313 0.265625 0.006250 0.015625
0 0.720313 0.282813 0.006250 0.015625
0 0.720313 0.298438 0.006250 0.015625
0 0.720313 0.314063 0.006250 0.015625
0 0.720313 0.329688 0.006250 0.015625
0 0.720313 0.345313 0.006250 0.015625
0 0.720313 0.360938 0.006250 0.015625
0 0.720313 0.376563 0.006250 0.015625
0 0.720313 0.392188 0.006250 0.015625
0 0.720313 0.406250 0.006250 0.015625
0 0.720313 0.423438 0.006250 0.015625
0 0.720313 0.439063 0.006250 0.015625
0 0.720313 0.454688 0.006250 0.015625
0 0.720313 0.470313 0.006250 0.015625
0 0.720313 0.485938 0.006250 0.015625
0 0.720313 0.501563 0.006250 0.015625
0 0.720313 0.515625 0.006250 0.015625
0 0.720313 0.532813 0.006250 0.015625
0 0.720313 0.548438 0.006250 0.015625
0 0.720313 0.564063 0.006250 0.015625
0 0.720313 0.579688 0.006250 0.015625
0 0.720313 0.595313 0.006250 0.015625
0 0.720313 0.610938 0.006250 0.015625
0 0.735938 0.015625 0.006250 0.015625
0 0.735938 0.031250 0.006250 0.015625
0 0.735938 0.048438 0.006250 0.015625
0 0.735938 0.062500 0.006250 0.015625
0 0.735938 0.078125 0.006250 0.015625
0 0.735938 0.095312 0.006250 0.015625
0 0.735938 0.110937 0.006250 0.015625
0 0.735938 0.126562 0.006250 0.015625
0 0.735938 0.142187 0.006250 0.015625
0 0.735938 0.156250 0.006250 0.015625
0 0.735938 0.173437 0.006250 0.015625
0 0.735938 0.189062 0.006250 0.015625
0 0.735938 0.204687 0.006250 0.015625
0 0.735938 0.220312 0.006250 0.015625
0 0.735938 0.234375 0.006250 0.015625
0 0.735938 0.251563 0.006250 0.015625
0 0.735938 0.265625 0.006250 0.015625
0 0.735938 0.282813 0.006250 0.015625
0 0.735938 0.298438 0.006250 0.015625
0 0.735938 0.314063 0.006250 0.015625
0 0.735938 0.328125 0.006250 0.015625
0 0.735938 0.345313 0.006250 0.015625
0 0.735938 0.359375 0.006250 0.015625
0 0.735938 0.376563 0.006250 0.015625
0 0.735938 0.392188 0.006250 0.015625
0 0.735938 0.406250 0.006250 0.015625
0 0.735938 0.423438 0.006250 0.015625
0 0.735938 0.439063 0.006250 0.015625
0 0.735938 0.454688 0.006250 0.015625
0 0.735938 0.470313 0.006250 0.015625
0 0.735938 0.485938 0.006250 0.015625
0 0.735938 0.501563 0.006250 0.015625
0 0.735938 0.517188 0.006250 0.015625
0 0.735938 0.532813 0.006250 0.015625
0 0.735938 0.548438 0.006250 0.015625
0 0.735938 0.564063 0.006250 0.015625
0 0.735938 0.579688 0.006250 0.015625
0 0.735938 0.595313 0.006250 0.015625
0 0.735938 0.610938 0.006250 0.015625
0 0.751563 0.017188 0.006250 0.015625
0 0.751563 0.031250 0.006250 0.015625
0 0.751563 0.048438 0.006250 0.015625
0 0.751563 0.064062 0.006250 0.015625
0 0.751563 0.079687 0.006250 0.015625
0 0.751563 0.095312 0.006250 0.015625
0 0.751563 0.109375 0.006250 0.015625
0 0.751563 0.126562 0.006250 0.015625
0 0.751563 0.142187 0.006250 0.015625
0 0.751563 0.156250 0.006250 0.015625
0 0.751563 0.173437 0.006250 0.015625
0 0.751563 0.187500 0.006250 0.015625
0 0.751563 0.203125 0.006250 0.015625
0 0.751563 0.220312 0.006250 0.015625
0 0.751563 0.235937 0.006250 0.015625
0 0.751563 0.251563 0.006250 0.015625
0 0.751563 0.267188 0.006250 0.015625
0 0.751563 0.282813 0.006250 0.015625
0 0.751563 0.298438 0.006250 0.015625
0 0.751563 0.314063 0.006250 0.015625
0 0.751563 0.328125 0.006250 0.015625
0 0.751563 0.343750 0.006250 0.015625
0 0.751563 0.360938 0.006250 0.015625
0 0.751563 0.375000 0.006250 0.015625
0 0.751563 0.390625 0.006250 0.015625
0 0.751563 0.407813 0.006250 0.015625
0 0.751563 0.423438 0.006250 0.015625
0 0.751563 0.439063 0.006250 0.015625
0 0.751563 0.454688 0.006250 0.015625
0 0.751563 0.470313 0.006250 0.015625
0 0.751563 0.485938 0.006250 0.015625
0 0.751563 0.501563 0.006250 0.015625
0 0.751563 0.517188 0.006250 0.015625
0 0.751563 0.532813 0.006250 0.015625
0 0.751563 0.548438 0.006250 0.015625
0 0.751563 0.564063 0.006250 0.015625
0 0.751563 0.579688 0.006250 0.015625
0 0.751563 0.595313 0.006250 0.015625
0 0.751563 0.610938 0.006250 0.015625
0 0.767188 0.017188 0.006250 0.015625
0 0.767188 0.031250 0.006250 0.015625
0 0.767188 0.048438 0.006250 0.015625
0 0.767188 0.064062 0.006250 0.015625
0 0.767188 0.079687 0.006250 0.015625
0 0.767188 0.095312 0.006250 0.015625
0 0.767188 0.109375 0.006250 0.015625
0 0.767188 0.126562 0.006250 0.015625
0 0.767188 0.142187 0.006250 0.015625
0 0.767188 0.157812 0.006250 0.015625
0 0.767188 0.171875 0.006250 0.015625
0 0.767188 0.187500 0.006250 0.015625
0 0.767188 0.204687 0.006250 0.015625
0 0.767188 0.220312 0.006250 0.015625
0 0.767188 0.235937 0.006250 0.015625
0 0.767188 0.251563 0.006250 0.015625
0 0.767188 0.267188 0.006250 0.015625
0 0.767188 0.282813 0.006250 0.015625
0 0.767188 0.298438 0.006250 0.015625
0 0.767188 0.312500 0.006250 0.015625
0 0.767188 0.329688 0.006250 0.015625
0 0.767188 0.343750 0.006250 0.015625
0 0.767188 0.360938 0.006250 0.015625
0 0.767188 0.375000 0.006250 0.015625
0 0.767188 0.390625 0.006250 0.015625
0 0.767188 0.406250 0.006250 0.015625
0 0.767188 0.423438 0.006250 0.015625
0 0.767188 0.437500 0.006250 0.015625
0 0.767188 0.454688 0.006250 0.015625
0 0.767188 0.470313 0.006250 0.015625
0 0.767188 0.485938 0.006250 0.015625
0 0.767188 0.501563 0.006250 0.015625
0 0.767188 0.517188 0.006250 0.015625
0 0.767188 0.532813 0.006250 0.015625
0 0.767188 0.548438 0.006250 0.015625
0 0.767188 0.564063 0.006250 0.015625
0 0.767188 0.579688 0.006250 0.015625
0 0.767188 0.595313 0.006250 0.015625
0 0.767188 0.610938 0.006250 0.015625
0 0.782813 0.017188 0.006250 0.015625
0 0.782813 0.032813 0.006250 0.015625
0 0.782813 0.048438 0.006250 0.015625
0 0.782813 0.062500 0.006250 0.015625
0 0.782813 0.079687 0.006250 0.015625
0 0.782813 0.093750 0.006250 0.015625
0 0.782813 0.110937 0.006250 0.015625
0 0.782813 0.126562 0.006250 0.015625
0 0.782813 0.142187 0.006250 0.015625
0 0.782813 0.157812 0.006250 0.015625
0 0.782813 0.173437 0.006250 0.015625
0 0.782813 0.189062 0.006250 0.015625
0 0.782813 0.204687 0.006250 0.015625
0 0.782813 0.220312 0.006250 0.015625
0 0.782813 0.235937 0.006250 0.015625
0 0.782813 0.251563 0.006250 0.015625
0 0.782813 0.267188 0.006250 0.015625
0 0.782813 0.282813 0.006250 0.015625
0 0.782813 0.296875 0.006250 0.015625
0 0.782813 0.314063 0.006250 0.015625
0 0.782813 0.328125 0.006250 0.015625
0 0.782813 0.343750 0.006250 0.015625
0 0.782813 0.360938 0.006250 0.015625
0 0.782813 0.376563 0.006250 0.015625
0 0.782813 0.390625 0.006250 0.015625
0 0.782813 0.407813 0.006250 0.015625
0 0.782813 0.423438 0.006250 0.015625
0 0.782813 0.439063 0.006250 0.015625
0 0.782813 0.454688 0.006250 0.015625
0 0.782813 0.468750 0.006250 0.015625
0 0.782813 0.485938 0.006250 0.015625
0 0.782813 0.501563 0.006250 0.015625
0 0.782813 0.517188 0.006250 0.015625
0 0.782813 0.532813 0.006250 0.015625
0 0.782813 0.548438 0.006250 0.015625
0 0.782813 0.564063 0.006250 0.015625
0 0.782813 0.579688 0.006250 0.015625
0 0.782813 0.595313 0.006250 0.015625
0 0.782813 0.610938 0.006250 0.015625
0 0.798438 0.017188 0.006250 0.015625
0 0.798438 0.031250 0.006250 0.015625
0 0.798438 0.048438 0.006250 0.015625
0 0.798438 0.064062 0.006250 0.015625
0 0.798438 0.079687 0.006250 0.015625
0 0.798438 0.095312 0.006250 0.015625
0 0.798438 0.110937 0.006250 0.015625
0 0.798438 0.125000 0.006250 0.015625
0 0.798438 0.140625 0.006250 0.015625
0 0.798438 0.157812 0.006250 0.015625
0 0.798438 0.173437 0.006250 0.015625
0 0.798438 0.189062 0.006250 0.015625
0 0.798438 0.204687 0.006250 0.015625
0 0.798438 0.218750 0.006250 0.015625
0 0.798438 0.235937 0.006250 0.015625
0 0.798438 0.251563 0.006250 0.015625
0 0.798438 0.267188 0.006250 0.015625
0 0.798438 0.282813 0.006250 0.015625
0 0.798438 0.298438 0.006250 0.015625
0 0.798438 0.314063 0.006250 0.015625
0 0.798438 0.329688 0.006250 0.015625
0 0.798438 0.345313 0.006250 0.015625
0 0.798438 0.359375 0.006250 0.015625
0 0.798438 0.375000 0.006250 0.015625
0 0.798438 0.390625 0.006250 0.015625
0 0.798438 0.407813 0.006250 0.015625
0 0.798438 0.423438 0.006250 0.015625
0 0.798438 0.439063 0.006250 0.015625
0 0.798438 0.454688 0.006250 0.015625
0 0.798438 0.470313 0.006250 0.015625
0 0.798438 0.484375 0.006250 0.015625
0 0.798438 0.501563 0.006250 0.015625
0 0.798438 0.517188 0.006250 0.015625
0 0.798438 0.532813 0.006250 0.015625
0 0.798438 0.548438 0.006250 0.015625
0 0.798438 0.564063 0.006250 0.015625
0 0.798438 0.579688 0.006250 0.015625
0 0.798438 0.595313 0.006250 0.015625
0 0.798438 0.610938 0.006250 0.015625
0 0.814063 0.015625 0.006250 0.015625
0 0.814063 0.032813 0.006250 0.015625
0 0.814063 0.048438 0.006250 0.015625
0 0.814063 0.064062 0.006250 0.015625
0 0.814063 0.079687 0.006250 0.015625
0 0.814063 0.095312 0.006250 0.015625
0 0.814063 0.110937 0.006250 0.015625
0 0.814063 0.126562 0.006250 0.015625
0 0.814063 0.140625 0.006250 0.015625
0 0.814063 0.156250 0.006250 0.015625
0 0.814063 0.173437 0.006250 0.015625
0 0.814063 0.187500 0.006250 0.015625
0 0.814063 0.204687 0.006250 0.015625
0 0.814063 0.220312 0.006250 0.015625
0 0.814063 0.235937 0.006250 0.015625
0 0.814063 0.251563 0.006250 0.015625
0 0.814063 0.267188 0.006250 0.015625
0 0.814063 0.282813 0.006250 0.015625
0 0.814063 0.298438 0.006250 0.015625
0 0.814063 0.314063 0.006250 0.015625
0 0.814063 0.329688 0.006250 0.015625
0 0.814063 0.345313 0.006250 0.015625
0 0.814063 0.360938 0.006250 0.015625
0 0.814063 0.376563 0.006250 0.015625
0 0.814063 0.392188 0.006250 0.015625
0 0.814063 0.407813 0.006250 0.015625
0 0.814063 0.423438 0.006250 0.015625
0 0.814063 0.439063 0.006250 0.015625
0 0.814063 0.454688 0.006250 0.015625
0 0.814063 0.470313 0.006250 0.015625
0 0.814063 0.484375 0.006250 0.015625
0 0.814063 0.501563 0.006250 0.015625
0 0.814063 0.517188 0.006250 0.015625
0 0.814063 0.532813 0.006250 0.015625
0 0.814063 0.548438 0.006250 0.015625
0 0.814063 0.564063 0.006250 0.015625
0 0.814063 0.579688 0.006250 0.015625
0 0.814063 0.595313 0.006250 0.015625
0 0.814063 0.610938 0.006250 0.015625
0 0.829688 0.017188 0.006250 0.015625
0 0.829688 0.032813 0.006250 0.015625
0 0.829688 0.048438 0.006250 0.015625
0 0.829688 0.064062 0.006250 0.015625
0 0.829688 0.079687 0.006250 0.015625
0 0.829688 0.095312 0.006250 0.015625
0 0.829688 0.110937 0.006250 0.015625
0 0.829688 0.126562 0.006250 0.015625
0 0.829688 0.142187 0.006250 0.015625
0 0.829688 0.157812 0.006250 0.015625
0 0.829688 0.173437 0.006250 0.015625
0 0.829688 0.189062 0.006250 0.015625
0 0.829688 0.203125 0.006250 0.015625
0 0.829688 0.220312 0.006250 0.015625
0 0.829688 0.235937 0.006250 0.015625
0 0.829688 0.251563 0.006250 0.015625
0 0.829688 0.265625 0.006250 0.015625
0 0.829688 0.282813 0.006250 0.015625
0 0.829688 0.298438 0.006250 0.015625
0 0.829688 0.314063 0.006250 0.015625
0 0.829688 0.329688 0.006250 0.015625
0 0.829688 0.345313 0.006250 0.015625
0 0.829688 0.360938 0.006250 0.015625
0 0.829688 0.376563 0.006250 0.015625
0 0.829688 0.392188 0.006250 0.015625
0 0.829688 0.407813 0.006250 0.015625
0 0.829688 0.423438 0.006250 0.015625
0 0.829688 0.439063 0.006250 0.015625
0 0.829688 0.454688 0.006250 0.015625
0 0.829688 0.470313 0.006250 0.015625
0 0.829688 0.485938 0.006250 0.015625
0 0.829688 0.501563 0.006250 0.015625
0 0.829688 0.517188 0.006250 0.015625
0 0.829688 0.532813 0.006250 0.015625
0 0.829688 0.548438 0.006250 0.015625
0 0.829688 0.564063 0.006250 0.015625
0 0.829688 0.579688 0.006250 0.015625
0 0.829688 0.595313 0.006250 0.015625
0 0.829688 0.610938 0.006250 0.015625
0 0.845313 0.017188 0.006250 0.015625
0 0.845313 0.032813 0.006250 0.015625
0 0.845313 0.048438 0.006250 0.015625
0 0.845313 0.064062 0.006250 0.015625
0 0.845313 0.079687 0.006250 0.015625
0 0.845313 0.095312 0.006250 0.015625
0 0.845313 0.109375 0.006250 0.015625
0 0.845313 0.126562 0.006250 0.015625
0 0.845313 0.142187 0.006250 0.015625
0 0.845313 0.157812 0.006250 0.015625
0 0.845313 0.173437 0.006250 0.015625
0 0.845313 0.189062 0.006250 0.015625
0 0.845313 0.204687 0.006250 0.015625
0 0.845313 0.220312 0.006250 0.015625
0 0.845313 0.235937 0.006250 0.015625
0 0.845313 0.251563 0.006250 0.015625
0 0.845313 0.267188 0.006250 0.015625
0 0.845313 0.282813 0.006250 0.015625
0 0.845313 0.298438 0.006250 0.015625
0 0.845313 0.312500 0.006250 0.015625
0 0.845313 0.329688 0.006250 0.015625
0 0.845313 0.345313 0.006250 0.015625
0 0.845313 0.360938 0.006250 0.015625
0 0.845313 0.376563 0.006250 0.015625
0 0.845313 0.392188 0.006250 0.015625
0 0.845313 0.407813 0.006250 0.015625
0 0.845313 0.423438 0.006250 0.015625
0 0.845313 0.439063 0.006250 0.015625
0 0.845313 0.454688 0.006250 0.015625
0 0.845313 0.470313 0.006250 0.015625
0 0.845313 0.485938 0.006250 0.015625
0 0.845313 0.501563 0.006250 0.015625
0 0.845313 0.517188 0.006250 0.015625
0 0.845313 0.532813 0.006250 0.015625
0 0.845313 0.548438 0.006250 0.015625
0 0.845313 0.564063 0.006250 0.015625
0 0.845313 0.581250 0.006250 0.015625
0 0.845313 0.595313 0.006250 0.015625
0 0.845313 0.610938 0.006250 0.015625
0 0.860938 0.017188 0.006250 0.015625
0 0.860938 0.031250 0.006250 0.015625
0 0.860938 0.046875 0.006250 0.015625
0 0.860938 0.064062 0.006250 0.015625
0 0.860938 0.079687 0.006250 0.015625
0 0.860938 0.095312 0.006250 0.015625
0 0.860938 0.110937 0.006250 0.015625
0 0.860938 0.125000 0.006250 0.015625
0 0.860938 0.140625 0.006250 0.015625
0 0.860938 0.157812 0.006250 0.015625
0 0.860938 0.171875 0.006250 0.015625
0 0.860938 0.189062 0.006250 0.015625
0 0.860938 0.204687 0.006250 0.015625
0 0.860938 0.220312 0.006250 0.015625
0 0.860938 0.235937 0.006250 0.015625
0 0.860938 0.250000 0.006250 0.015625
0 0.860938 0.267188 0.006250 0.015625
0 0.860938 0.282813 0.006250 0.015625
0 0.860938 0.298438 0.006250 0.015625
0 0.860938 0.312500 0.006250 0.015625
0 0.860938 0.329688 0.006250 0.015625
0 0.860938 0.345313 0.006250 0.015625
0 0.860938 0.360938 0.006250 0.015625
0 0.860938 0.376563 0.006250 0.015625
0 0.860938 0.392188 0.006250 0.015625
0 0.860938 0.407813 0.006250 0.015625
0 0.860938 0.423438 0.006250 0.015625
0 0.860938 0.439063 0.006250 0.015625
0 0.860938 0.454688 0.006250 0.015625
0 0.860938 0.468750 0.006250 0.015625
0 0.860938 0.484375 0.006250 0.015625
0 0.860938 0.501563 0.006250 0.015625
0 0.860938 0.517188 0.006250 0.015625
0 0.860938 0.532813 0.006250 0.015625
0 0.860938 0.548438 0.006250 0.015625
0 0.860938 0.564063 0.006250 0.015625
0 0.860938 0.579688 0.006250 0.015625
0 0.860938 0.595313 0.006250 0.015625
0 0.860938 0.610938 0.006250 0.015625
0 0.876563 0.017188 0.006250 0.015625
0 0.876563 0.032813 0.006250 0.015625
0 0.876563 0.048438 0.006250 0.015625
0 0.876563 0.064062 0.006250 0.015625
0 0.876563 0.079687 0.006250 0.015625
0 0.876563 0.095312 0.006250 0.015625
0 0.876563 0.110937 0.006250 0.015625
0 0.876563 0.126562 0.006250 0.015625
0 0.876563 0.142187 0.006250 0.015625
0 0.876563 0.157812 0.006250 0.015625
0 0.876563 0.173437 0.006250 0.015625
0 0.876563 0.189062 0.006250 0.015625
0 0.876563 0.204687 0.006250 0.015625
0 0.876563 0.220312 0.006250 0.015625
0 0.876563 0.235937 0.006250 0.015625
0 0.876563 0.251563 0.006250 0.015625
0 0.876563 0.267188 0.006250 0.015625
0 0.876563 0.282813 0.006250 0.015625
0 0.876563 0.298438 0.006250 0.015625
0 0.876563 0.314063 0.006250 0.015625
0 0.876563 0.329688 0.006250 0.015625
0 0.876563 0.345313 0.006250 0.015625
0 0.876563 0.360938 0.006250 0.015625
0 0.876563 0.376563 0.006250 0.015625
0 0.876563 0.392188 0.006250 0.015625
0 0.876563 0.407813 0.006250 0.015625
0 0.876563 0.423438 0.006250 0.015625
0 0.876563 0.439063 0.006250 0.015625
0 0.876563 0.454688 0.006250 0.015625
0 0.876563 0.470313 0.006250 0.015625
0 0.876563 0.485938 0.006250 0.015625
0 0.876563 0.500000 0.006250 0.015625
0 0.876563 0.517188 0.006250 0.015625
0 0.876563 0.532813 0.006250 0.015625
0 0.876563 0.548438 0.006250 0.015625
0 0.876563 0.564063 0.006250 0.015625
0 0.876563 0.579688 0.006250 0.015625
0 0.876563 0.595313 0.006250 0.015625
0 0.876563 0.610938 0.006250 0.015625
0 0.892188 0.015625 0.006250 0.015625
0 0.892188 0.032813 0.006250 0.015625
0 0.892188 0.048438 0.006250 0.015625
0 0.892188 0.064062 0.006250 0.015625
0 0.892188 0.079687 0.006250 0.015625
0 0.892188 0.093750 0.006250 0.015625
0 0.892188 0.110937 0.006250 0.015625
0 0.892188 0.126562 0.006250 0.015625
0 0.892188 0.142187 0.006250 0.015625
0 0.892188 0.157812 0.006250 0.015625
0 0.892188 0.173437 0.006250 0.015625
0 0.892188 0.187500 0.006250 0.015625
0 0.892188 0.204687 0.006250 0.015625
0 0.892188 0.220312 0.006250 0.015625
0 0.892188 0.235937 0.006250 0.015625
0 0.892188 0.251563 0.006250 0.015625
0 0.892188 0.267188 0.006250 0.015625
0 0.892188 0.282813 0.006250 0.015625
0 0.892188 0.298438 0.006250 0.015625
0 0.892188 0.314063 0.006250 0.015625
0 0.892188 0.329688 0.006250 0.015625
0 0.892188 0.345313 0.006250 0.015625
0 0.892188 0.360938 0.006250 0.015625
0 0.892188 0.376563 0.006250 0.015625
0 0.892188 0.392188 0.006250 0.015625
0 0.892188 0.407813 0.006250 0.015625
0 0.892188 0.423438 0.006250 0.015625
0 0.892188 0.439063 0.006250 0.015625
0 0.892188 0.454688 0.006250 0.015625
0 0.892188 0.470313 0.006250 0.015625
0 0.892188 0.485938 0.006250 0.015625
0 0.892188 0.501563 0.006250 0.015625
0 0.892188 0.517188 0.006250 0.015625
0 0.892188 0.532813 0.006250 0.015625
0 0.892188 0.548438 0.006250 0.015625
0 0.892188 0.564063 0.006250 0.015625
0 0.892188 0.579688 0.006250 0.015625
0 0.892188 0.595313 0.006250 0.015625
0 0.892188 0.610938 0.006250 0.015625
0 0.907813 0.015625 0.006250 0.015625
0 0.907813 0.032813 0.006250 0.015625
0 0.907813 0.046875 0.006250 0.015625
0 0.907813 0.062500 0.006250 0.015625
0 0.907813 0.078125 0.006250 0.015625
0 0.907813 0.093750 0.006250 0.015625
0 0.907813 0.109375 0.006250 0.015625
0 0.907813 0.125000 0.006250 0.015625
0 0.907813 0.140625 0.006250 0.015625
0 0.907813 0.156250 0.006250 0.015625
0 0.907813 0.171875 0.006250 0.015625
0 0.907813 0.187500 0.006250 0.015625
0 0.907813 0.203125 0.006250 0.015625
0 0.907813 0.218750 0.006250 0.015625
0 0.907813 0.234375 0.006250 0.015625
0 0.907813 0.250000 0.006250 0.015625
0 0.907813 0.265625 0.006250 0.015625
0 0.907813 0.281250 0.006250 0.015625
0 0.907813 0.296875 0.006250 0.015625
0 0.907813 0.312500 0.006250 0.015625
0 0.907813 0.328125 0.006250 0.015625
0 0.907813 0.343750 0.006250 0.015625
0 0.907813 0.359375 0.006250 0.015625
0 0.907813 0.375000 0.006250 0.015625
0 0.907813 0.392188 0.006250 0.015625
0 0.907813 0.407813 0.006250 0.015625
0 0.907813 0.421875 0.006250 0.015625
0 0.907813 0.439063 0.006250 0.015625
0 0.907813 0.454688 0.006250 0.015625
0 0.907813 0.470313 0.006250 0.015625
0 0.907813 0.484375 0.006250 0.015625
0 0.907813 0.501563 0.006250 0.015625
0 0.907813 0.515625 0.006250 0.015625
0 0.907813 0.531250 0.006250 0.015625
0 0.907813 0.546875 0.006250 0.015625
0 0.907813 0.562500 0.006250 0.015625
0 0.907813 0.579688 0.006250 0.015625
0 0.907813 0.595313 0.006250 0.015625
0 0.907813 0.610938 0.006250 0.015625
0 0.923438 0.015625 0.006250 0.015625
0 0.923438 0.031250 0.006250 0.015625
0 0.923438 0.046875 0.006250 0.015625
0 0.923438 0.062500 0.006250 0.015625
0 0.923438 0.078125 0.006250 0.015625
0 0.923438 0.093750 0.006250 0.015625
0 0.923438 0.109375 0.006250 0.015625
0 0.923438 0.125000 0.006250 0.015625
0 0.923438 0.140625 0.006250 0.015625
0 0.923438 0.156250 0.006250 0.015625
0 0.923438 0.171875 0.006250 0.015625
0 0.923438 0.187500 0.006250 0.015625
0 0.923438 0.204687 0.006250 0.015625
0 0.923438 0.218750 0.006250 0.015625
0 0.923438 0.234375 0.006250 0.015625
0 0.923438 0.250000 0.006250 0.015625
0 0.923438 0.265625 0.006250 0.015625
0 0.923438 0.281250 0.006250 0.015625
0 0.923438 0.296875 0.006250 0.015625
0 0.923438 0.314063 0.006250 0.015625
0 0.923438 0.328125 0.006250 0.015625
0 0.923438 0.343750 0.006250 0.015625
0 0.923438 0.359375 0.006250 0.015625
0 0.923438 0.375000 0.006250 0.015625
0 0.923438 0.392188 0.006250 0.015625
0 0.923438 0.406250 0.006250 0.015625
0 0.923438 0.421875 0.006250 0.015625
0 0.923438 0.437500 0.006250 0.015625
0 0.923438 0.454688 0.006250 0.015625
0 0.923438 0.468750 0.006250 0.015625
0 0.923438 0.484375 0.006250 0.015625
0 0.923438 0.501563 0.006250 0.015625
0 0.923438 0.515625 0.006250 0.015625
0 0.923438 0.531250 0.006250 0.015625
0 0.923438 0.548438 0.006250 0.015625
0 0.923438 0.562500 0.006250 0.015625
0 0.923438 0.578125 0.006250 0.015625
0 0.923438 0.595313 0.006250 0.015625
0 0.923438 0.609375 0.006250 0.015625
0 0.939063 0.015625 0.006250 0.015625
0 0.939063 0.031250 0.006250 0.015625
0 0.939063 0.046875 0.006250 0.015625
0 0.939063 0.062500 0.006250 0.015625
0 0.939063 0.078125 0.006250 0.015625
0 0.939063 0.093750 0.006250 0.015625
0 0.939063 0.109375 0.006250 0.015625
0 0.939063 0.126562 0.006250 0.015625
0 0.939063 0.140625 0.006250 0.015625
0 0.939063 0.156250 0.006250 0.015625
0 0.939063 0.171875 0.006250 0.015625
0 0.939063 0.187500 0.006250 0.015625
0 0.939063 0.204687 0.006250 0.015625
0 0.939063 0.218750 0.006250 0.015625
0 0.939063 0.235937 0.006250 0.015625
0 0.939063 0.250000 0.006250 0.015625
0 0.939063 0.265625 0.006250 0.015625
0 0.939063 0.282813 0.006250 0.015625
0 0.939063 0.296875 0.006250 0.015625
0 0.939063 0.314063 0.006250 0.015625
0 0.939063 0.329688 0.006250 0.015625
0 0.939063 0.343750 0.006250 0.015625
0 0.939063 0.360938 0.006250 0.015625
0 0.939063 0.375000 0.006250 0.015625
0 0.939063 0.390625 0.006250 0.015625
0 0.939063 0.406250 0.006250 0.015625
0 0.939063 0.421875 0.006250 0.015625
0 0.939063 0.437500 0.006250 0.015625
0 0.939063 0.454688 0.006250 0.015625
0 0.939063 0.468750 0.006250 0.015625
0 0.939063 0.484375 0.006250 0.015625
0 0.939063 0.500000 0.006250 0.015625
0 0.939063 0.515625 0.006250 0.015625
0 0.939063 0.531250 0.006250 0.015625
0 0.939063 0.546875 0.006250 0.015625
0 0.939063 0.564063 0.006250 0.015625
0 0.939063 0.578125 0.006250 0.015625
0 0.939063 0.595313 0.006250 0.015625
0 0.939063 0.610938 0.006250 0.015625
0 0.954688 0.015625 0.006250 0.015625
0 0.954688 0.031250 0.006250 0.015625
0 0.954688 0.046875 0.006250 0.015625
0 0.954688 0.062500 0.006250 0.015625
0 0.954688 0.078125 0.006250 0.015625
0 0.954688 0.093750 0.006250 0.015625
0 0.954688 0.109375 0.006250 0.015625
0 0.954688 0.125000 0.006250 0.015625
0 0.954688 0.140625 0.006250 0.015625
0 0.954688 0.156250 0.006250 0.015625
0 0.954688 0.171875 0.006250 0.015625
0 0.954688 0.187500 0.006250 0.015625
0 0.954688 0.203125 0.006250 0.015625
0 0.954688 0.218750 0.006250 0.015625
0 0.954688 0.234375 0.006250 0.015625
0 0.954688 0.250000 0.006250 0.015625
0 0.954688 0.265625 0.006250 0.015625
0 0.954688 0.282813 0.006250 0.015625
0 0.954688 0.296875 0.006250 0.015625
0 0.954688 0.312500 0.006250 0.015625
0 0.954688 0.328125 0.006250 0.015625
0 0.954688 0.343750 0.006250 0.015625
0 0.954688 0.359375 0.006250 0.015625
0 0.954688 0.375000 0.006250 0.015625
0 0.954688 0.390625 0.006250 0.015625
0 0.954688 0.406250 0.006250 0.015625
0 0.954688 0.421875 0.006250 0.015625
0 0.954688 0.437500 0.006250 0.015625
0 0.954688 0.453125 0.006250 0.015625
0 0.954688 0.468750 0.006250 0.015625
0 0.954688 0.485938 0.006250 0.015625
0 0.954688 0.500000 0.006250 0.015625
0 0.954688 0.515625 0.006250 0.015625
0 0.954688 0.532813 0.006250 0.015625
0 0.954688 0.546875 0.006250 0.015625
0 0.954688 0.562500 0.006250 0.015625
0 0.954688 0.579688 0.006250 0.015625
0 0.954688 0.593750 0.006250 0.015625
0 0.954688 0.609375 0.006250 0.015625
0 0.970313 0.015625 0.006250 0.015625
0 0.970313 0.031250 0.006250 0.015625
0 0.970313 0.046875 0.006250 0.015625
0 0.970313 0.062500 0.006250 0.015625
0 0.970313 0.078125 0.006250 0.015625
0 0.970313 0.093750 0.006250 0.015625
0 0.970313 0.109375 0.006250 0.015625
0 0.970313 0.125000 0.006250 0.015625
0 0.970313 0.140625 0.006250 0.015625
0 0.970313 0.156250 0.006250 0.015625
0 0.970313 0.173437 0.006250 0.015625
0 0.970313 0.187500 0.006250 0.015625
0 0.970313 0.204687 0.006250 0.015625
0 0.970313 0.218750 0.006250 0.015625
0 0.970313 0.234375 0.006250 0.015625
0 0.970313 0.250000 0.006250 0.015625
0 0.970313 0.265625 0.006250 0.015625
0 0.970313 0.281250 0.006250 0.015625
0 0.970313 0.296875 0.006250 0.015625
0 0.970313 0.312500 0.006250 0.015625
0 0.970313 0.328125 0.006250 0.015625
0 0.970313 0.343750 0.006250 0.015625
0 0.970313 0.359375 0.006250 0.015625
0 0.970313 0.375000 0.006250 0.015625
0 0.970313 0.390625 0.006250 0.015625
0 0.970313 0.406250 0.006250 0.015625
0 0.970313 0.421875 0.006250 0.015625
0 0.970313 0.437500 0.006250 0.015625
0 0.970313 0.454688 0.006250 0.015625
0 0.970313 0.470313 0.006250 0.015625
0 0.970313 0.485938 0.006250 0.015625
0 0.970313 0.501563 0.006250 0.015625
0 0.970313 0.517188 0.006250 0.015625
0 0.970313 0.532813 0.006250 0.015625
0 0.970313 0.548438 0.006250 0.015625
0 0.970313 0.562500 0.006250 0.015625
0 0.970313 0.578125 0.006250 0.015625
0 0.970313 0.595313 0.006250 0.015625
0 0.970313 0.610938 0.006250 0.015625
0 0.985938 0.017188 0.006250 0.015625
0 0.985938 0.031250 0.006250 0.015625
0 0.985938 0.046875 0.006250 0.015625
0 0.985938 0.062500 0.006250 0.015625
0 0.985938 0.078125 0.006250 0.015625
0 0.985938 0.093750 0.006250 0.015625
0 0.985938 0.110937 0.006250 0.015625
0 0.985938 0.125000 0.006250 0.015625
0 0.985938 0.140625 0.006250 0.015625
0 0.985938 0.156250 0.006250 0.015625
0 0.985938 0.173437 0.006250 0.015625
0 0.985938 0.187500 0.006250 0.015625
0 0.985938 0.204687 0.006250 0.015625
0 0.985938 0.220312 0.006250 0.015625
0 0.985938 0.235937 0.006250 0.015625
0 0.985938 0.250000 0.006250 0.015625
0 0.985938 0.265625 0.006250 0.015625
0 0.985938 0.281250 0.006250 0.015625
0 0.985938 0.296875 0.006250 0.015625
0 0.985938 0.312500 0.006250 0.015625
0 0.985938 0.328125 0.006250 0.015625
0 0.985938 0.345313 0.006250 0.015625
0 0.985938 0.359375 0.006250 0.015625
0 0.985938 0.375000 0.006250 0.015625
0 0.985938 0.392188 0.006250 0.015625
0 0.985938 0.406250 0.006250 0.015625
0 0.985938 0.421875 0.006250 0.015625
0 0.985938 0.439063 0.006250 0.015625
0 0.985938 0.454688 0.006250 0.015625
0 0.985938 0.470313 0.006250 0.015625
0 0.985938 0.485938 0.006250 0.015625
0 0.985938 0.501563 0.006250 0.015625
0 0.985938 0.515625 0.006250 0.015625
0 0.985938 0.532813 0.006250 0.015625
0 0.985938 0.546875 0.006250 0.015625
0 0.985938 0.564063 0.006250 0.015625
0 0.985938 0.578125 0.006250 0.015625
0 0.985938 0.593750 0.006250 0.015625
0 0.985938 0.610938 0.006250 0.015625
