0 0.657813 0.906250 0.006250 0.015625
0 0.657813 0.921875 0.006250 0.015625
0 0.642188 0.782813 0.006250 0.015625
0 0.642188 0.798438 0.006250 0.015625
0 0.642188 0.814063 0.006250 0.015625
0 0.642188 0.829688 0.006250 0.015625
0 0.642188 0.845313 0.006250 0.015625
0 0.642188 0.859375 0.006250 0.015625
0 0.642188 0.876563 0.006250 0.015625
0 0.642188 0.892188 0.006250 0.015625
0 0.642188 0.907813 0.006250 0.015625
0 0.642188 0.923438 0.006250 0.015625
0 0.642188 0.939063 0.006250 0.015625
0 0.657813 0.782813 0.006250 0.015625
0 0.657813 0.798438 0.006250 0.015625
0 0.657813 0.812500 0.006250 0.015625
0 0.657813 0.829688 0.006250 0.015625
0 0.657813 0.845313 0.006250 0.015625
0 0.657813 0.860938 0.006250 0.015625
0 0.657813 0.876563 0.006250 0.015625
0 0.657813 0.892188 0.006250 0.015625
0 0.657813 0.939063 0.006250 0.015625
0 0.673438 0.782813 0.006250 0.015625
0 0.673438 0.798438 0.006250 0.015625
0 0.673438 0.814063 0.006250 0.015625
0 0.673438 0.828125 0.006250 0.015625
0 0.673438 0.843750 0.006250 0.015625
0 0.673438 0.860938 0.006250 0.015625
0 0.673438 0.876563 0.006250 0.015625
0 0.673438 0.892188 0.006250 0.015625
0 0.673438 0.907813 0.006250 0.015625
0 0.673438 0.923438 0.006250 0.015625
0 0.673438 0.939063 0.006250 0.015625
0 0.689063 0.782813 0.006250 0.015625
0 0.689063 0.798438 0.006250 0.015625
0 0.689063 0.812500 0.006250 0.015625
0 0.689063 0.829688 0.006250 0.015625
0 0.689063 0.843750 0.006250 0.015625
0 0.689063 0.859375 0.006250 0.015625
0 0.689063 0.875000 0.006250 0.015625
0 0.689063 0.892188 0.006250 0.015625
0 0.689063 0.907813 0.006250 0.015625
0 0.689063 0.923438 0.006250 0.015625
0 0.689063 0.939063 0.006250 0.015625
0 0.704688 0.782813 0.006250 0.015625
0 0.704688 0.798438 0.006250 0.015625
0 0.704688 0.814063 0.006250 0.015625
0 0.704688 0.829688 0.006250 0.015625
0 0.704688 0.843750 0.006250 0.015625
0 0.704688 0.859375 0.006250 0.015625
0 0.704688 0.876563 0.006250 0.015625
0 0.704688 0.890625 0.006250 0.015625
0 0.704688 0.906250 0.006250 0.015625
0 0.704688 0.923438 0.006250 0.015625
0 0.704688 0.939063 0.006250 0.015625
0 0.720313 0.782813 0.006250 0.015625
0 0.720313 0.798438 0.006250 0.015625
0 0.720313 0.812500 0.006250 0.015625
0 0.720313 0.828125 0.006250 0.015625
0 0.720313 0.845313 0.006250 0.015625
0 0.720313 0.860938 0.006250 0.015625
0 0.720313 0.876563 0.006250 0.015625
0 0.720313 0.892188 0.006250 0.015625
0 0.720313 0.907813 0.006250 0.015625
0 0.720313 0.923438 0.006250 0.015625
0 0.720313 0.939063 0.006250 0.015625
0 0.735938 0.782813 0.006250 0.015625
0 0.735938 0.798438 0.006250 0.015625
0 0.735938 0.814063 0.006250 0.015625
0 0.735938 0.828125 0.006250 0.015625
0 0.735938 0.843750 0.006250 0.015625
0 0.735938 0.860938 0.006250 0.015625
0 0.735938 0.875000 0.006250 0.015625
0 0.735938 0.890625 0.006250 0.015625
0 0.735938 0.907813 0.006250 0.015625
0 0.735938 0.921875 0.006250 0.015625
0 0.735938 0.939063 0.006250 0.015625
0 0.751563 0.782813 0.006250 0.015625
0 0.751563 0.796875 0.006250 0.015625
0 0.751563 0.812500 0.006250 0.015625
0 0.751563 0.828125 0.006250 0.015625
0 0.751563 0.843750 0.006250 0.015625
0 0.751563 0.859375 0.006250 0.015625
0 0.751563 0.875000 0.006250 0.015625
0 0.751563 0.890625 0.006250 0.015625
0 0.751563 0.907813 0.006250 0.015625
0 0.751563 0.923438 0.006250 0.015625
0 0.751563 0.939063 0.006250 0.015625
0 0.767188 0.782813 0.006250 0.015625
0 0.767188 0.798438 0.006250 0.015625
0 0.767188 0.812500 0.006250 0.015625
0 0.767188 0.829688 0.006250 0.015625
0 0.767188 0.845313 0.006250 0.015625
0 0.767188 0.860938 0.006250 0.015625
0 0.767188 0.876563 0.006250 0.015625
0 0.767188 0.892188 0.006250 0.015625
0 0.767188 0.906250 0.006250 0.015625
0 0.767188 0.923438 0.006250 0.015625
0 0.767188 0.939063 0.006250 0.015625
0 0.782813 0.782813 0.006250 0.015625
0 0.782813 0.798438 0.006250 0.015625
0 0.782813 0.814063 0.006250 0.015625
0 0.782813 0.828125 0.006250 0.015625
0 0.782813 0.843750 0.006250 0.015625
0 0.782813 0.860938 0.006250 0.015625
0 0.782813 0.875000 0.006250 0.015625
0 0.782813 0.892188 0.006250 0.015625
0 0.782813 0.906250 0.006250 0.015625
0 0.782813 0.923438 0.006250 0.015625
0 0.782813 0.939063 0.006250 0.015625
0 0.798438 0.782813 0.006250 0.015625
0 0.798438 0.798438 0.006250 0.015625
0 0.798438 0.814063 0.006250 0.015625
0 0.798438 0.828125 0.006250 0.015625
0 0.798438 0.843750 0.006250 0.015625
0 0.798438 0.859375 0.006250 0.015625
0 0.798438 0.876563 0.006250 0.015625
0 0.798438 0.890625 0.006250 0.015625
0 0.798438 0.906250 0.006250 0.015625
0 0.798438 0.923438 0.006250 0.015625
0 0.798438 0.939063 0.006250 0.015625
0 0.814063 0.782813 0.006250 0.015625
0 0.814063 0.798438 0.006250 0.015625
0 0.814063 0.814063 0.006250 0.015625
0 0.814063 0.828125 0.006250 0.015625
0 0.814063 0.843750 0.006250 0.015625
0 0.814063 0.859375 0.006250 0.015625
0 0.814063 0.876563 0.006250 0.015625
0 0.814063 0.892188 0.006250 0.015625
0 0.814063 0.907813 0.006250 0.015625
0 0.814063 0.923438 0.006250 0.015625
0 0.814063 0.939063 0.006250 0.015625
0 0.829688 0.782813 0.006250 0.015625
0 0.829688 0.798438 0.006250 0.015625
0 0.829688 0.814063 0.006250 0.015625
0 0.829688 0.828125 0.006250 0.015625
0 0.829688 0.843750 0.006250 0.015625
0 0.829688 0.860938 0.006250 0.015625
0 0.829688 0.876563 0.006250 0.015625
0 0.829688 0.890625 0.006250 0.015625
0 0.829688 0.906250 0.006250 0.015625
0 0.829688 0.923438 0.006250 0.015625
0 0.829688 0.939063 0.006250 0.015625
0 0.845313 0.782813 0.006250 0.015625
0 0.845313 0.796875 0.006250 0.015625
0 0.845313 0.814063 0.006250 0.015625
0 0.845313 0.829688 0.006250 0.015625
0 0.845313 0.843750 0.006250 0.015625
0 0.845313 0.860938 0.006250 0.015625
0 0.845313 0.876563 0.006250 0.015625
0 0.845313 0.890625 0.006250 0.015625
0 0.845313 0.907813 0.006250 0.015625
0 0.845313 0.923438 0.006250 0.015625
0 0.845313 0.939063 0.006250 0.015625
0 0.860938 0.782813 0.006250 0.015625
0 0.860938 0.796875 0.006250 0.015625
0 0.860938 0.812500 0.006250 0.015625
0 0.860938 0.828125 0.006250 0.015625
0 0.860938 0.845313 0.006250 0.015625
0 0.860938 0.859375 0.006250 0.015625
0 0.860938 0.876563 0.006250 0.015625
0 0.860938 0.890625 0.006250 0.015625
0 0.860938 0.907813 0.006250 0.015625
0 0.860938 0.923438 0.006250 0.015625
0 0.860938 0.939063 0.006250 0.015625
0 0.876563 0.782813 0.006250 0.015625
0 0.876563 0.798438 0.006250 0.015625
0 0.876563 0.814063 0.006250 0.015625
0 0.876563 0.828125 0.006250 0.015625
0 0.876563 0.843750 0.006250 0.015625
0 0.876563 0.860938 0.006250 0.015625
0 0.876563 0.876563 0.006250 0.015625
0 0.875000 0.892188 0.006250 0.015625
0 0.876563 0.907813 0.006250 0.015625
0 0.876563 0.921875 0.006250 0.015625
0 0.876563 0.939063 0.006250 0.015625
0 0.876563 0.954688 0.006250 0.015625
0 0.876563 0.970313 0.006250 0.015625
0 0.876563 0.985938 0.006250 0.015625
0 0.892188 0.782813 0.006250 0.015625
0 0.892188 0.798438 0.006250 0.015625
0 0.892188 0.814063 0.006250 0.015625
0 0.892188 0.828125 0.006250 0.015625
0 0.892188 0.843750 0.006250 0.015625
0 0.892188 0.860938 0.006250 0.015625
0 0.892188 0.876563 0.006250 0.015625
0 0.892188 0.892188 0.006250 0.015625
0 0.892188 0.907813 0.006250 0.015625
0 0.892188 0.923438 0.006250 0.015625
0 0.892188 0.939063 0.006250 0.015625
0 0.892188 0.954688 0.006250 0.015625
0 0.892188 0.968750 0.006250 0.015625
0 0.892188 0.985938 0.006250 0.015625
0 0.907813 0.782813 0.006250 0.015625
0 0.907813 0.798438 0.006250 0.015625
0 0.907813 0.814063 0.006250 0.015625
0 0.907813 0.829688 0.006250 0.015625
0 0.907813 0.845313 0.006250 0.015625
0 0.907813 0.860938 0.006250 0.015625
0 0.907813 0.875000 0.006250 0.015625
0 0.907813 0.890625 0.006250 0.015625
0 0.907813 0.907813 0.006250 0.015625
0 0.907813 0.923438 0.006250 0.015625
0 0.907813 0.939063 0.006250 0.015625
0 0.907813 0.954688 0.006250 0.015625
0 0.907813 0.970313 0.006250 0.015625
0 0.907813 0.985938 0.006250 0.015625
0 0.923438 0.782813 0.006250 0.015625
0 0.923438 0.798438 0.006250 0.015625
0 0.923438 0.814063 0.006250 0.015625
0 0.923438 0.828125 0.006250 0.015625
0 0.923438 0.845313 0.006250 0.015625
0 0.923438 0.860938 0.006250 0.015625
0 0.923438 0.875000 0.006250 0.015625
0 0.923438 0.892188 0.006250 0.015625
0 0.923438 0.907813 0.006250 0.015625
0 0.923438 0.923438 0.006250 0.015625
0 0.923438 0.939063 0.006250 0.015625
0 0.923438 0.954688 0.006250 0.015625
0 0.923438 0.970313 0.006250 0.015625
0 0.923438 0.985938 0.006250 0.015625
0 0.939063 0.782813 0.006250 0.015625
0 0.939063 0.798438 0.006250 0.015625
0 0.939063 0.814063 0.006250 0.015625
0 0.939063 0.828125 0.006250 0.015625
0 0.939063 0.845313 0.006250 0.015625
0 0.939063 0.860938 0.006250 0.015625
0 0.939063 0.876563 0.006250 0.015625
0 0.939063 0.892188 0.006250 0.015625
0 0.939063 0.907813 0.006250 0.015625
0 0.939063 0.923438 0.006250 0.015625
0 0.939063 0.939063 0.006250 0.015625
0 0.939063 0.954688 0.006250 0.015625
0 0.939063 0.970313 0.006250 0.015625
0 0.939063 0.985938 0.006250 0.015625
0 0.954688 0.782813 0.006250 0.015625
0 0.954688 0.798438 0.006250 0.015625
0 0.954688 0.814063 0.006250 0.015625
0 0.954688 0.829688 0.006250 0.015625
0 0.954688 0.845313 0.006250 0.015625
0 0.954688 0.860938 0.006250 0.015625
0 0.954688 0.875000 0.006250 0.015625
0 0.954688 0.890625 0.006250 0.015625
0 0.954688 0.906250 0.006250 0.015625
0 0.954688 0.923438 0.006250 0.015625
0 0.954688 0.939063 0.006250 0.015625
0 0.954688 0.954688 0.006250 0.015625
0 0.954688 0.970313 0.006250 0.015625
0 0.954688 0.985938 0.006250 0.015625
0 0.970313 0.782813 0.006250 0.015625
0 0.970313 0.798438 0.006250 0.015625
0 0.970313 0.814063 0.006250 0.015625
0 0.970313 0.828125 0.006250 0.015625
0 0.970313 0.845313 0.006250 0.015625
0 0.970313 0.860938 0.006250 0.015625
0 0.970313 0.876563 0.006250 0.015625
0 0.970313 0.892188 0.006250 0.015625
0 0.970313 0.907813 0.006250 0.015625
0 0.970313 0.923438 0.006250 0.015625
0 0.970313 0.939063 0.006250 0.015625
0 0.970313 0.954688 0.006250 0.015625
0 0.970313 0.970313 0.006250 0.015625
0 0.970313 0.985938 0.006250 0.015625
0 0.985938 0.782813 0.006250 0.015625
0 0.985938 0.798438 0.006250 0.015625
0 0.985938 0.814063 0.006250 0.015625
0 0.985938 0.828125 0.006250 0.015625
0 0.985938 0.845313 0.006250 0.015625
0 0.985938 0.860938 0.006250 0.015625
0 0.985938 0.875000 0.006250 0.015625
0 0.985938 0.890625 0.006250 0.015625
0 0.985938 0.907813 0.006250 0.015625
0 0.985938 0.923438 0.006250 0.015625
0 0.985938 0.939063 0.006250 0.015625
0 0.985938 0.954688 0.006250 0.015625
0 0.985938 0.970313 0.006250 0.015625
0 0.985938 0.985938 0.006250 0.015625
