0 0.687500 0.095312 0.006250 0.015625
0 0.687500 0.110937 0.006250 0.015625
0 0.578125 0.110937 0.006250 0.015625
0 0.578125 0.126562 0.006250 0.015625
0 0.703125 0.173437 0.006250 0.015625
0 0.703125 0.189062 0.006250 0.015625
0 0.750000 0.189062 0.006250 0.015625
0 0.750000 0.204687 0.006250 0.015625
0 0.562500 0.220312 0.006250 0.015625
0 0.562500 0.235937 0.006250 0.015625
0 0.640625 0.298438 0.006250 0.015625
0 0.640625 0.314063 0.006250 0.015625
0 0.546875 0.579688 0.006250 0.015625
0 0.546875 0.595313 0.006250 0.015625
0 0.609375 0.579688 0.006250 0.015625
0 0.609375 0.595313 0.006250 0.015625
0 0.453125 0.610938 0.006250 0.015625
0 0.140625 0.626563 0.006250 0.015625
0 0.140625 0.642188 0.006250 0.015625
0 0.453125 0.845313 0.006250 0.015625
0 0.156250 0.892188 0.006250 0.015625
0 0.156250 0.907813 0.006250 0.015625
0 0.062500 0.612500 0.006250 0.015625
0 0.062500 0.628125 0.006250 0.015625
0 0.062500 0.642188 0.006250 0.015625
0 0.062500 0.657813 0.006250 0.015625
0 0.062500 0.673438 0.006250 0.015625
0 0.062500 0.689063 0.006250 0.015625
0 0.062500 0.704688 0.006250 0.015625
0 0.062500 0.720313 0.006250 0.015625
0 0.062500 0.735938 0.006250 0.015625
0 0.062500 0.751563 0.006250 0.015625
0 0.062500 0.767188 0.006250 0.015625
0 0.062500 0.784375 0.006250 0.015625
0 0.062500 0.798438 0.006250 0.015625
0 0.062500 0.815625 0.006250 0.015625
0 0.062500 0.831250 0.006250 0.015625
0 0.062500 0.846875 0.006250 0.015625
0 0.062500 0.862500 0.006250 0.015625
0 0.062500 0.876563 0.006250 0.015625
0 0.062500 0.893750 0.006250 0.015625
0 0.062500 0.907813 0.006250 0.015625
0 0.062500 0.925000 0.006250 0.015625
0 0.062500 0.939063 0.006250 0.015625
0 0.062500 0.956250 0.006250 0.015625
0 0.062500 0.970313 0.006250 0.015625
0 0.062500 0.987500 0.006250 0.015625
0 0.078125 0.610938 0.006250 0.015625
0 0.078125 0.626563 0.006250 0.015625
0 0.078125 0.642188 0.006250 0.015625
0 0.078125 0.657813 0.006250 0.015625
0 0.078125 0.673438 0.006250 0.015625
0 0.078125 0.689063 0.006250 0.015625
0 0.078125 0.704688 0.006250 0.015625
0 0.078125 0.720313 0.006250 0.015625
0 0.078125 0.735938 0.006250 0.015625
0 0.078125 0.751563 0.006250 0.015625
0 0.078125 0.767188 0.006250 0.015625
0 0.078125 0.782813 0.006250 0.015625
0 0.078125 0.798438 0.006250 0.015625
0 0.078125 0.814063 0.006250 0.015625
0 0.078125 0.829688 0.006250 0.015625
0 0.078125 0.845313 0.006250 0.015625
0 0.078125 0.860938 0.006250 0.015625
0 0.078125 0.876563 0.006250 0.015625
0 0.078125 0.892188 0.006250 0.015625
0 0.078125 0.907813 0.006250 0.015625
0 0.078125 0.923438 0.006250 0.015625
0 0.078125 0.939063 0.006250 0.015625
0 0.078125 0.954688 0.006250 0.015625
0 0.078125 0.970313 0.006250 0.015625
0 0.078125 0.985938 0.006250 0.015625
0 0.093750 0.610938 0.006250 0.015625
0 0.093750 0.626563 0.006250 0.015625
0 0.093750 0.642188 0.006250 0.015625
0 0.093750 0.657813 0.006250 0.015625
0 0.093750 0.673438 0.006250 0.015625
0 0.093750 0.689063 0.006250 0.015625
0 0.093750 0.704688 0.006250 0.015625
0 0.093750 0.720313 0.006250 0.015625
0 0.093750 0.735938 0.006250 0.015625
0 0.093750 0.751563 0.006250 0.015625
0 0.093750 0.767188 0.006250 0.015625
0 0.093750 0.782813 0.006250 0.015625
0 0.093750 0.798438 0.006250 0.015625
0 0.093750 0.814063 0.006250 0.015625
0 0.093750 0.829688 0.006250 0.015625
0 0.093750 0.845313 0.006250 0.015625
0 0.093750 0.860938 0.006250 0.015625
0 0.093750 0.876563 0.006250 0.015625
0 0.093750 0.892188 0.006250 0.015625
0 0.093750 0.907813 0.006250 0.015625
0 0.093750 0.923438 0.006250 0.015625
0 0.093750 0.939063 0.006250 0.015625
0 0.093750 0.956250 0.006250 0.015625
0 0.093750 0.970313 0.006250 0.015625
0 0.093750 0.985938 0.006250 0.015625
0 0.109375 0.610938 0.006250 0.015625
0 0.109375 0.626563 0.006250 0.015625
0 0.109375 0.642188 0.006250 0.015625
0 0.109375 0.657813 0.006250 0.015625
0 0.109375 0.673438 0.006250 0.015625
0 0.109375 0.689063 0.006250 0.015625
0 0.109375 0.704688 0.006250 0.015625
0 0.109375 0.720313 0.006250 0.015625
0 0.109375 0.735938 0.006250 0.015625
0 0.109375 0.751563 0.006250 0.015625
0 0.109375 0.767188 0.006250 0.015625
0 0.109375 0.782813 0.006250 0.015625
0 0.109375 0.798438 0.006250 0.015625
0 0.109375 0.814063 0.006250 0.015625
0 0.109375 0.831250 0.006250 0.015625
0 0.109375 0.845313 0.006250 0.015625
0 0.109375 0.860938 0.006250 0.015625
0 0.109375 0.876563 0.006250 0.015625
0 0.109375 0.892188 0.006250 0.015625
0 0.109375 0.907813 0.006250 0.015625
0 0.109375 0.923438 0.006250 0.015625
0 0.109375 0.939063 0.006250 0.015625
0 0.109375 0.954688 0.006250 0.015625
0 0.109375 0.970313 0.006250 0.015625
0 0.109375 0.985938 0.006250 0.015625
0 0.125000 0.610938 0.006250 0.015625
0 0.125000 0.626563 0.006250 0.015625
0 0.125000 0.642188 0.006250 0.015625
0 0.125000 0.657813 0.006250 0.015625
0 0.125000 0.675000 0.006250 0.015625
0 0.125000 0.689063 0.006250 0.015625
0 0.125000 0.704688 0.006250 0.015625
0 0.125000 0.720313 0.006250 0.015625
0 0.125000 0.737500 0.006250 0.015625
0 0.125000 0.751563 0.006250 0.015625
0 0.125000 0.767188 0.006250 0.015625
0 0.125000 0.784375 0.006250 0.015625
0 0.125000 0.798438 0.006250 0.015625
0 0.125000 0.814063 0.006250 0.015625
0 0.125000 0.829688 0.006250 0.015625
0 0.125000 0.845313 0.006250 0.015625
0 0.125000 0.860938 0.006250 0.015625
0 0.125000 0.876563 0.006250 0.015625
0 0.125000 0.892188 0.006250 0.015625
0 0.125000 0.907813 0.006250 0.015625
0 0.125000 0.923438 0.006250 0.015625
0 0.125000 0.940625 0.006250 0.015625
0 0.125000 0.954688 0.006250 0.015625
0 0.125000 0.970313 0.006250 0.015625
0 0.125000 0.985938 0.006250 0.015625
0 0.140625 0.612500 0.006250 0.015625
0 0.140625 0.657813 0.006250 0.015625
0 0.140625 0.673438 0.006250 0.015625
0 0.140625 0.689063 0.006250 0.015625
0 0.140625 0.704688 0.006250 0.015625
0 0.140625 0.721875 0.006250 0.015625
0 0.140625 0.735938 0.006250 0.015625
0 0.140625 0.751563 0.006250 0.015625
0 0.140625 0.768750 0.006250 0.015625
0 0.140625 0.782813 0.006250 0.015625
0 0.140625 0.798438 0.006250 0.015625
0 0.140625 0.814063 0.006250 0.015625
0 0.140625 0.831250 0.006250 0.015625
0 0.140625 0.845313 0.006250 0.015625
0 0.140625 0.860938 0.006250 0.015625
0 0.140625 0.876563 0.006250 0.015625
0 0.140625 0.892188 0.006250 0.015625
0 0.140625 0.907813 0.006250 0.015625
0 0.140625 0.923438 0.006250 0.015625
0 0.140625 0.939063 0.006250 0.015625
0 0.140625 0.954688 0.006250 0.015625
0 0.140625 0.970313 0.006250 0.015625
0 0.140625 0.985938 0.006250 0.015625
0 0.156250 0.610938 0.006250 0.015625
0 0.156250 0.626563 0.006250 0.015625
0 0.156250 0.642188 0.006250 0.015625
0 0.156250 0.657813 0.006250 0.015625
0 0.156250 0.673438 0.006250 0.015625
0 0.156250 0.689063 0.006250 0.015625
0 0.156250 0.704688 0.006250 0.015625
0 0.156250 0.720313 0.006250 0.015625
0 0.156250 0.735938 0.006250 0.015625
0 0.156250 0.751563 0.006250 0.015625
0 0.156250 0.767188 0.006250 0.015625
0 0.156250 0.782813 0.006250 0.015625
0 0.156250 0.800000 0.006250 0.015625
0 0.156250 0.814063 0.006250 0.015625
0 0.156250 0.829688 0.006250 0.015625
0 0.156250 0.845313 0.006250 0.015625
0 0.156250 0.860938 0.006250 0.015625
0 0.156250 0.876563 0.006250 0.015625
0 0.156250 0.923438 0.006250 0.015625
0 0.156250 0.939063 0.006250 0.015625
0 0.156250 0.954688 0.006250 0.015625
0 0.156250 0.970313 0.006250 0.015625
0 0.156250 0.985938 0.006250 0.015625
0 0.171875 0.612500 0.006250 0.015625
0 0.171875 0.626563 0.006250 0.015625
0 0.171875 0.642188 0.006250 0.015625
0 0.171875 0.657813 0.006250 0.015625
0 0.171875 0.673438 0.006250 0.015625
0 0.171875 0.689063 0.006250 0.015625
0 0.171875 0.704688 0.006250 0.015625
0 0.171875 0.720313 0.006250 0.015625
0 0.171875 0.737500 0.006250 0.015625
0 0.171875 0.753125 0.006250 0.015625
0 0.171875 0.767188 0.006250 0.015625
0 0.171875 0.782813 0.006250 0.015625
0 0.171875 0.798438 0.006250 0.015625
0 0.171875 0.814063 0.006250 0.015625
0 0.171875 0.829688 0.006250 0.015625
0 0.171875 0.845313 0.006250 0.015625
0 0.171875 0.860938 0.006250 0.015625
0 0.171875 0.876563 0.006250 0.015625
0 0.171875 0.892188 0.006250 0.015625
0 0.171875 0.907813 0.006250 0.015625
0 0.171875 0.923438 0.006250 0.015625
0 0.171875 0.939063 0.006250 0.015625
0 0.171875 0.956250 0.006250 0.015625
0 0.171875 0.970313 0.006250 0.015625
0 0.171875 0.985938 0.006250 0.015625
0 0.187500 0.612500 0.006250 0.015625
0 0.187500 0.628125 0.006250 0.015625
0 0.187500 0.642188 0.006250 0.015625
0 0.187500 0.657813 0.006250 0.015625
0 0.187500 0.675000 0.006250 0.015625
0 0.187500 0.689063 0.006250 0.015625
0 0.187500 0.704688 0.006250 0.015625
0 0.187500 0.720313 0.006250 0.015625
0 0.187500 0.735938 0.006250 0.015625
0 0.187500 0.751563 0.006250 0.015625
0 0.187500 0.767188 0.006250 0.015625
0 0.187500 0.784375 0.006250 0.015625
0 0.187500 0.798438 0.006250 0.015625
0 0.187500 0.814063 0.006250 0.015625
0 0.187500 0.829688 0.006250 0.015625
0 0.187500 0.845313 0.006250 0.015625
0 0.187500 0.860938 0.006250 0.015625
0 0.187500 0.876563 0.006250 0.015625
0 0.187500 0.892188 0.006250 0.015625
0 0.187500 0.907813 0.006250 0.015625
0 0.187500 0.923438 0.006250 0.015625
0 0.187500 0.939063 0.006250 0.015625
0 0.187500 0.954688 0.006250 0.015625
0 0.187500 0.970313 0.006250 0.015625
0 0.187500 0.985938 0.006250 0.015625
0 0.203125 0.612500 0.006250 0.015625
0 0.203125 0.626563 0.006250 0.015625
0 0.203125 0.643750 0.006250 0.015625
0 0.203125 0.657813 0.006250 0.015625
0 0.203125 0.675000 0.006250 0.015625
0 0.203125 0.689063 0.006250 0.015625
0 0.203125 0.704688 0.006250 0.015625
0 0.203125 0.720313 0.006250 0.015625
0 0.203125 0.728125 0.006250 0.015625
0 0.203125 0.735938 0.006250 0.015625
0 0.203125 0.751563 0.006250 0.015625
0 0.203125 0.767188 0.006250 0.015625
0 0.203125 0.782813 0.006250 0.015625
0 0.203125 0.798438 0.006250 0.015625
0 0.203125 0.814063 0.006250 0.015625
0 0.203125 0.829688 0.006250 0.015625
0 0.203125 0.845313 0.006250 0.015625
0 0.203125 0.860938 0.006250 0.015625
0 0.203125 0.868750 0.006250 0.015625
0 0.203125 0.876563 0.006250 0.015625
0 0.203125 0.892188 0.006250 0.015625
0 0.203125 0.907813 0.006250 0.015625
0 0.203125 0.915625 0.006250 0.015625
0 0.203125 0.923438 0.006250 0.015625
0 0.203125 0.939063 0.006250 0.015625
0 0.203125 0.954688 0.006250 0.015625
0 0.203125 0.971875 0.006250 0.015625
0 0.203125 0.985938 0.006250 0.015625
0 0.218750 0.612500 0.006250 0.015625
0 0.218750 0.626563 0.006250 0.015625
0 0.218750 0.642188 0.006250 0.015625
0 0.218750 0.657813 0.006250 0.015625
0 0.218750 0.673438 0.006250 0.015625
0 0.218750 0.689063 0.006250 0.015625
0 0.218750 0.704688 0.006250 0.015625
0 0.218750 0.720313 0.006250 0.015625
0 0.218750 0.735938 0.006250 0.015625
0 0.218750 0.751563 0.006250 0.015625
0 0.218750 0.767188 0.006250 0.015625
0 0.218750 0.782813 0.006250 0.015625
0 0.218750 0.798438 0.006250 0.015625
0 0.218750 0.814063 0.006250 0.015625
0 0.218750 0.829688 0.006250 0.015625
0 0.218750 0.845313 0.006250 0.015625
0 0.218750 0.860938 0.006250 0.015625
0 0.218750 0.876563 0.006250 0.015625
0 0.218750 0.893750 0.006250 0.015625
0 0.218750 0.907813 0.006250 0.015625
0 0.218750 0.923438 0.006250 0.015625
0 0.218750 0.939063 0.006250 0.015625
0 0.218750 0.954688 0.006250 0.015625
0 0.218750 0.970313 0.006250 0.015625
0 0.218750 0.985938 0.006250 0.015625
0 0.234375 0.846875 0.006250 0.015625
0 0.234375 0.860938 0.006250 0.015625
0 0.234375 0.878125 0.006250 0.015625
0 0.234375 0.892188 0.006250 0.015625
0 0.234375 0.907813 0.006250 0.015625
0 0.234375 0.925000 0.006250 0.015625
0 0.234375 0.939063 0.006250 0.015625
0 0.234375 0.954688 0.006250 0.015625
0 0.234375 0.970313 0.006250 0.015625
0 0.234375 0.987500 0.006250 0.015625
0 0.250000 0.845313 0.006250 0.015625
0 0.250000 0.860938 0.006250 0.015625
0 0.250000 0.878125 0.006250 0.015625
0 0.250000 0.893750 0.006250 0.015625
0 0.250000 0.907813 0.006250 0.015625
0 0.250000 0.923438 0.006250 0.015625
0 0.250000 0.939063 0.006250 0.015625
0 0.250000 0.954688 0.006250 0.015625
0 0.250000 0.970313 0.006250 0.015625
0 0.250000 0.985938 0.006250 0.015625
0 0.265625 0.845313 0.006250 0.015625
0 0.265625 0.860938 0.006250 0.015625
0 0.265625 0.876563 0.006250 0.015625
0 0.265625 0.892188 0.006250 0.015625
0 0.265625 0.907813 0.006250 0.015625
0 0.265625 0.925000 0.006250 0.015625
0 0.265625 0.939063 0.006250 0.015625
0 0.265625 0.954688 0.006250 0.015625
0 0.265625 0.970313 0.006250 0.015625
0 0.265625 0.985938 0.006250 0.015625
0 0.281250 0.846875 0.006250 0.015625
0 0.281250 0.862500 0.006250 0.015625
0 0.281250 0.876563 0.006250 0.015625
0 0.281250 0.893750 0.006250 0.015625
0 0.281250 0.907813 0.006250 0.015625
0 0.281250 0.923438 0.006250 0.015625
0 0.281250 0.940625 0.006250 0.015625
0 0.281250 0.954688 0.006250 0.015625
0 0.281250 0.970313 0.006250 0.015625
0 0.281250 0.987500 0.006250 0.015625
0 0.296875 0.845313 0.006250 0.015625
0 0.296875 0.860938 0.006250 0.015625
0 0.296875 0.876563 0.006250 0.015625
0 0.296875 0.892188 0.006250 0.015625
0 0.296875 0.907813 0.006250 0.015625
0 0.296875 0.923438 0.006250 0.015625
0 0.296875 0.939063 0.006250 0.015625
0 0.296875 0.954688 0.006250 0.015625
0 0.296875 0.970313 0.006250 0.015625
0 0.296875 0.985938 0.006250 0.015625
0 0.312500 0.845313 0.006250 0.015625
0 0.312500 0.860938 0.006250 0.015625
0 0.312500 0.876563 0.006250 0.015625
0 0.312500 0.892188 0.006250 0.015625
0 0.312500 0.907813 0.006250 0.015625
0 0.312500 0.923438 0.006250 0.015625
0 0.312500 0.939063 0.006250 0.015625
0 0.312500 0.956250 0.006250 0.015625
0 0.312500 0.970313 0.006250 0.015625
0 0.312500 0.985938 0.006250 0.015625
0 0.328125 0.846875 0.006250 0.015625
0 0.328125 0.862500 0.006250 0.015625
0 0.328125 0.876563 0.006250 0.015625
0 0.328125 0.893750 0.006250 0.015625
0 0.328125 0.907813 0.006250 0.015625
0 0.328125 0.923438 0.006250 0.015625
0 0.328125 0.939063 0.006250 0.015625
0 0.328125 0.954688 0.006250 0.015625
0 0.328125 0.970313 0.006250 0.015625
0 0.328125 0.985938 0.006250 0.015625
0 0.343750 0.845313 0.006250 0.015625
0 0.343750 0.860938 0.006250 0.015625
0 0.343750 0.876563 0.006250 0.015625
0 0.343750 0.893750 0.006250 0.015625
0 0.343750 0.907813 0.006250 0.015625
0 0.343750 0.923438 0.006250 0.015625
0 0.343750 0.939063 0.006250 0.015625
0 0.343750 0.954688 0.006250 0.015625
0 0.343750 0.970313 0.006250 0.015625
0 0.343750 0.985938 0.006250 0.015625
0 0.359375 0.846875 0.006250 0.015625
0 0.359375 0.860938 0.006250 0.015625
0 0.359375 0.876563 0.006250 0.015625
0 0.359375 0.892188 0.006250 0.015625
0 0.359375 0.907813 0.006250 0.015625
0 0.359375 0.923438 0.006250 0.015625
0 0.359375 0.939063 0.006250 0.015625
0 0.359375 0.954688 0.006250 0.015625
0 0.359375 0.970313 0.006250 0.015625
0 0.359375 0.985938 0.006250 0.015625
0 0.375000 0.846875 0.006250 0.015625
0 0.375000 0.860938 0.006250 0.015625
0 0.375000 0.876563 0.006250 0.015625
0 0.375000 0.892188 0.006250 0.015625
0 0.375000 0.907813 0.006250 0.015625
0 0.375000 0.923438 0.006250 0.015625
0 0.375000 0.939063 0.006250 0.015625
0 0.375000 0.954688 0.006250 0.015625
0 0.375000 0.970313 0.006250 0.015625
0 0.375000 0.985938 0.006250 0.015625
0 0.390625 0.846875 0.006250 0.015625
0 0.390625 0.860938 0.006250 0.015625
0 0.390625 0.876563 0.006250 0.015625
0 0.390625 0.892188 0.006250 0.015625
0 0.390625 0.907813 0.006250 0.015625
0 0.390625 0.923438 0.006250 0.015625
0 0.390625 0.939063 0.006250 0.015625
0 0.390625 0.954688 0.006250 0.015625
0 0.390625 0.970313 0.006250 0.015625
0 0.390625 0.987500 0.006250 0.015625
0 0.406250 0.846875 0.006250 0.015625
0 0.406250 0.862500 0.006250 0.015625
0 0.406250 0.876563 0.006250 0.015625
0 0.406250 0.892188 0.006250 0.015625
0 0.406250 0.907813 0.006250 0.015625
0 0.406250 0.923438 0.006250 0.015625
0 0.406250 0.940625 0.006250 0.015625
0 0.406250 0.954688 0.006250 0.015625
0 0.406250 0.970313 0.006250 0.015625
0 0.406250 0.985938 0.006250 0.015625
0 0.423438 0.846875 0.006250 0.015625
0 0.421875 0.860938 0.006250 0.015625
0 0.421875 0.876563 0.006250 0.015625
0 0.421875 0.892188 0.006250 0.015625
0 0.421875 0.907813 0.006250 0.015625
0 0.421875 0.925000 0.006250 0.015625
0 0.421875 0.939063 0.006250 0.015625
0 0.421875 0.954688 0.006250 0.015625
0 0.421875 0.970313 0.006250 0.015625
0 0.421875 0.985938 0.006250 0.015625
0 0.437500 0.846875 0.006250 0.015625
0 0.437500 0.860938 0.006250 0.015625
0 0.437500 0.876563 0.006250 0.015625
0 0.437500 0.892188 0.006250 0.015625
0 0.437500 0.907813 0.006250 0.015625
0 0.437500 0.923438 0.006250 0.015625
0 0.437500 0.940625 0.006250 0.015625
0 0.437500 0.954688 0.006250 0.015625
0 0.437500 0.970313 0.006250 0.015625
0 0.437500 0.985938 0.006250 0.015625
0 0.454688 0.017188 0.006250 0.015625
0 0.453125 0.032813 0.006250 0.015625
0 0.453125 0.048438 0.006250 0.015625
0 0.453125 0.064062 0.006250 0.015625
0 0.453125 0.079687 0.006250 0.015625
0 0.453125 0.095312 0.006250 0.015625
0 0.454688 0.112500 0.006250 0.015625
0 0.454688 0.126562 0.006250 0.015625
0 0.454688 0.143750 0.006250 0.015625
0 0.454688 0.157812 0.006250 0.015625
0 0.454688 0.175000 0.006250 0.015625
0 0.454688 0.190625 0.006250 0.015625
0 0.454688 0.206250 0.006250 0.015625
0 0.454688 0.221875 0.006250 0.015625
0 0.453125 0.237500 0.006250 0.015625
0 0.454688 0.253125 0.006250 0.015625
0 0.453125 0.267188 0.006250 0.015625
0 0.454688 0.284375 0.006250 0.015625
0 0.453125 0.298438 0.006250 0.015625
0 0.453125 0.314063 0.006250 0.015625
0 0.453125 0.329688 0.006250 0.015625
0 0.453125 0.346875 0.006250 0.015625
0 0.453125 0.360938 0.006250 0.015625
0 0.453125 0.378125 0.006250 0.015625
0 0.453125 0.392188 0.006250 0.015625
0 0.453125 0.407813 0.006250 0.015625
0 0.453125 0.423438 0.006250 0.015625
0 0.453125 0.439063 0.006250 0.015625
0 0.453125 0.454688 0.006250 0.015625
0 0.453125 0.470313 0.006250 0.015625
0 0.454688 0.487500 0.006250 0.015625
0 0.454688 0.503125 0.006250 0.015625
0 0.453125 0.517188 0.006250 0.015625
0 0.453125 0.534375 0.006250 0.015625
0 0.453125 0.548438 0.006250 0.015625
0 0.453125 0.565625 0.006250 0.015625
0 0.453125 0.581250 0.006250 0.015625
0 0.453125 0.595313 0.006250 0.015625
0 0.453125 0.862500 0.006250 0.015625
0 0.453125 0.878125 0.006250 0.015625
0 0.453125 0.892188 0.006250 0.015625
0 0.453125 0.909375 0.006250 0.015625
0 0.453125 0.925000 0.006250 0.015625
0 0.453125 0.939063 0.006250 0.015625
0 0.453125 0.954688 0.006250 0.015625
0 0.453125 0.971875 0.006250 0.015625
0 0.453125 0.987500 0.006250 0.015625
0 0.468750 0.017188 0.006250 0.015625
0 0.468750 0.032813 0.006250 0.015625
0 0.468750 0.048438 0.006250 0.015625
0 0.468750 0.064062 0.006250 0.015625
0 0.470313 0.079687 0.006250 0.015625
0 0.468750 0.095312 0.006250 0.015625
0 0.470313 0.110937 0.006250 0.015625
0 0.468750 0.126562 0.006250 0.015625
0 0.468750 0.143750 0.006250 0.015625
0 0.468750 0.159375 0.006250 0.015625
0 0.468750 0.173437 0.006250 0.015625
0 0.468750 0.189062 0.006250 0.015625
0 0.468750 0.204687 0.006250 0.015625
0 0.468750 0.220312 0.006250 0.015625
0 0.468750 0.235937 0.006250 0.015625
0 0.468750 0.251563 0.006250 0.015625
0 0.468750 0.267188 0.006250 0.015625
0 0.468750 0.282813 0.006250 0.015625
0 0.468750 0.298438 0.006250 0.015625
0 0.468750 0.314063 0.006250 0.015625
0 0.468750 0.329688 0.006250 0.015625
0 0.468750 0.345313 0.006250 0.015625
0 0.468750 0.360938 0.006250 0.015625
0 0.468750 0.376563 0.006250 0.015625
0 0.468750 0.392188 0.006250 0.015625
0 0.468750 0.407813 0.006250 0.015625
0 0.468750 0.423438 0.006250 0.015625
0 0.468750 0.439063 0.006250 0.015625
0 0.468750 0.454688 0.006250 0.015625
0 0.468750 0.470313 0.006250 0.015625
0 0.468750 0.485938 0.006250 0.015625
0 0.468750 0.501563 0.006250 0.015625
0 0.468750 0.517188 0.006250 0.015625
0 0.468750 0.532813 0.006250 0.015625
0 0.468750 0.548438 0.006250 0.015625
0 0.468750 0.564063 0.006250 0.015625
0 0.468750 0.579688 0.006250 0.015625
0 0.468750 0.595313 0.006250 0.015625
0 0.468750 0.610938 0.006250 0.015625
0 0.484375 0.017188 0.006250 0.015625
0 0.484375 0.032813 0.006250 0.015625
0 0.484375 0.048438 0.006250 0.015625
0 0.484375 0.064062 0.006250 0.015625
0 0.484375 0.081250 0.006250 0.015625
0 0.484375 0.095312 0.006250 0.015625
0 0.485938 0.110937 0.006250 0.015625
0 0.484375 0.128125 0.006250 0.015625
0 0.485938 0.143750 0.006250 0.015625
0 0.484375 0.157812 0.006250 0.015625
0 0.484375 0.173437 0.006250 0.015625
0 0.485938 0.190625 0.006250 0.015625
0 0.484375 0.204687 0.006250 0.015625
0 0.484375 0.220312 0.006250 0.015625
0 0.484375 0.235937 0.006250 0.015625
0 0.484375 0.251563 0.006250 0.015625
0 0.484375 0.268750 0.006250 0.015625
0 0.484375 0.282813 0.006250 0.015625
0 0.484375 0.298438 0.006250 0.015625
0 0.484375 0.314063 0.006250 0.015625
0 0.484375 0.329688 0.006250 0.015625
0 0.484375 0.345313 0.006250 0.015625
0 0.484375 0.360938 0.006250 0.015625
0 0.484375 0.376563 0.006250 0.015625
0 0.484375 0.392188 0.006250 0.015625
0 0.484375 0.407813 0.006250 0.015625
0 0.484375 0.423438 0.006250 0.015625
0 0.484375 0.439063 0.006250 0.015625
0 0.484375 0.454688 0.006250 0.015625
0 0.484375 0.470313 0.006250 0.015625
0 0.484375 0.485938 0.006250 0.015625
0 0.484375 0.503125 0.006250 0.015625
0 0.484375 0.517188 0.006250 0.015625
0 0.484375 0.532813 0.006250 0.015625
0 0.484375 0.548438 0.006250 0.015625
0 0.484375 0.564063 0.006250 0.015625
0 0.484375 0.579688 0.006250 0.015625
0 0.484375 0.595313 0.006250 0.015625
0 0.484375 0.610938 0.006250 0.015625
0 0.500000 0.017188 0.006250 0.015625
0 0.500000 0.032813 0.006250 0.015625
0 0.500000 0.048438 0.006250 0.015625
0 0.500000 0.064062 0.006250 0.015625
0 0.500000 0.079687 0.006250 0.015625
0 0.500000 0.096875 0.006250 0.015625
0 0.501563 0.112500 0.006250 0.015625
0 0.500000 0.126562 0.006250 0.015625
0 0.500000 0.143750 0.006250 0.015625
0 0.500000 0.157812 0.006250 0.015625
0 0.500000 0.173437 0.006250 0.015625
0 0.500000 0.189062 0.006250 0.015625
0 0.500000 0.206250 0.006250 0.015625
0 0.500000 0.220312 0.006250 0.015625
0 0.500000 0.235937 0.006250 0.015625
0 0.501563 0.251563 0.006250 0.015625
0 0.500000 0.267188 0.006250 0.015625
0 0.501563 0.284375 0.006250 0.015625
0 0.500000 0.298438 0.006250 0.015625
0 0.500000 0.314063 0.006250 0.015625
0 0.500000 0.329688 0.006250 0.015625
0 0.500000 0.345313 0.006250 0.015625
0 0.500000 0.360938 0.006250 0.015625
0 0.500000 0.376563 0.006250 0.015625
0 0.500000 0.392188 0.006250 0.015625
0 0.500000 0.407813 0.006250 0.015625
0 0.501563 0.423438 0.006250 0.015625
0 0.500000 0.439063 0.006250 0.015625
0 0.500000 0.454688 0.006250 0.015625
0 0.500000 0.470313 0.006250 0.015625
0 0.501563 0.485938 0.006250 0.015625
0 0.501563 0.501563 0.006250 0.015625
0 0.500000 0.517188 0.006250 0.015625
0 0.500000 0.532813 0.006250 0.015625
0 0.500000 0.548438 0.006250 0.015625
0 0.500000 0.565625 0.006250 0.015625
0 0.500000 0.579688 0.006250 0.015625
0 0.500000 0.595313 0.006250 0.015625
0 0.500000 0.610938 0.006250 0.015625
0 0.515625 0.017188 0.006250 0.015625
0 0.515625 0.032813 0.006250 0.015625
0 0.515625 0.048438 0.006250 0.015625
0 0.515625 0.065625 0.006250 0.015625
0 0.517188 0.079687 0.006250 0.015625
0 0.515625 0.096875 0.006250 0.015625
0 0.515625 0.110937 0.006250 0.015625
0 0.515625 0.126562 0.006250 0.015625
0 0.515625 0.142187 0.006250 0.015625
0 0.515625 0.157812 0.006250 0.015625
0 0.515625 0.173437 0.006250 0.015625
0 0.515625 0.189062 0.006250 0.015625
0 0.515625 0.204687 0.006250 0.015625
0 0.515625 0.220312 0.006250 0.015625
0 0.515625 0.235937 0.006250 0.015625
0 0.515625 0.251563 0.006250 0.015625
0 0.515625 0.267188 0.006250 0.015625
0 0.515625 0.282813 0.006250 0.015625
0 0.515625 0.298438 0.006250 0.015625
0 0.515625 0.314063 0.006250 0.015625
0 0.515625 0.329688 0.006250 0.015625
0 0.515625 0.345313 0.006250 0.015625
0 0.515625 0.360938 0.006250 0.015625
0 0.515625 0.376563 0.006250 0.015625
0 0.515625 0.392188 0.006250 0.015625
0 0.515625 0.407813 0.006250 0.015625
0 0.515625 0.423438 0.006250 0.015625
0 0.515625 0.439063 0.006250 0.015625
0 0.515625 0.454688 0.006250 0.015625
0 0.515625 0.470313 0.006250 0.015625
0 0.515625 0.487500 0.006250 0.015625
0 0.515625 0.501563 0.006250 0.015625
0 0.515625 0.517188 0.006250 0.015625
0 0.515625 0.532813 0.006250 0.015625
0 0.515625 0.548438 0.006250 0.015625
0 0.515625 0.564063 0.006250 0.015625
0 0.515625 0.579688 0.006250 0.015625
0 0.515625 0.595313 0.006250 0.015625
0 0.515625 0.610938 0.006250 0.015625
0 0.531250 0.018750 0.006250 0.015625
0 0.531250 0.032813 0.006250 0.015625
0 0.531250 0.048438 0.006250 0.015625
0 0.532813 0.064062 0.006250 0.015625
0 0.532813 0.079687 0.006250 0.015625
0 0.531250 0.095312 0.006250 0.015625
0 0.531250 0.110937 0.006250 0.015625
0 0.532813 0.126562 0.006250 0.015625
0 0.531250 0.143750 0.006250 0.015625
0 0.531250 0.157812 0.006250 0.015625
0 0.531250 0.173437 0.006250 0.015625
0 0.531250 0.189062 0.006250 0.015625
0 0.531250 0.204687 0.006250 0.015625
0 0.531250 0.220312 0.006250 0.015625
0 0.531250 0.235937 0.006250 0.015625
0 0.531250 0.251563 0.006250 0.015625
0 0.531250 0.267188 0.006250 0.015625
0 0.531250 0.282813 0.006250 0.015625
0 0.531250 0.298438 0.006250 0.015625
0 0.531250 0.314063 0.006250 0.015625
0 0.531250 0.329688 0.006250 0.015625
0 0.531250 0.345313 0.006250 0.015625
0 0.531250 0.360938 0.006250 0.015625
0 0.531250 0.376563 0.006250 0.015625
0 0.531250 0.392188 0.006250 0.015625
0 0.531250 0.407813 0.006250 0.015625
0 0.531250 0.423438 0.006250 0.015625
0 0.531250 0.439063 0.006250 0.015625
0 0.531250 0.454688 0.006250 0.015625
0 0.531250 0.471875 0.006250 0.015625
0 0.531250 0.485938 0.006250 0.015625
0 0.531250 0.501563 0.006250 0.015625
0 0.531250 0.517188 0.006250 0.015625
0 0.531250 0.532813 0.006250 0.015625
0 0.531250 0.548438 0.006250 0.015625
0 0.531250 0.564063 0.006250 0.015625
0 0.531250 0.579688 0.006250 0.015625
0 0.531250 0.595313 0.006250 0.015625
0 0.531250 0.610938 0.006250 0.015625
0 0.546875 0.017188 0.006250 0.015625
0 0.546875 0.032813 0.006250 0.015625
0 0.546875 0.050000 0.006250 0.015625
0 0.546875 0.064062 0.006250 0.015625
0 0.548438 0.079687 0.006250 0.015625
0 0.546875 0.095312 0.006250 0.015625
0 0.546875 0.110937 0.006250 0.015625
0 0.546875 0.126562 0.006250 0.015625
0 0.546875 0.143750 0.006250 0.015625
0 0.546875 0.157812 0.006250 0.015625
0 0.546875 0.173437 0.006250 0.015625
0 0.546875 0.189062 0.006250 0.015625
0 0.546875 0.204687 0.006250 0.015625
0 0.546875 0.220312 0.006250 0.015625
0 0.546875 0.235937 0.006250 0.015625
0 0.546875 0.251563 0.006250 0.015625
0 0.546875 0.267188 0.006250 0.015625
0 0.546875 0.282813 0.006250 0.015625
0 0.546875 0.298438 0.006250 0.015625
0 0.546875 0.314063 0.006250 0.015625
0 0.546875 0.329688 0.006250 0.015625
0 0.546875 0.345313 0.006250 0.015625
0 0.546875 0.360938 0.006250 0.015625
0 0.546875 0.376563 0.006250 0.015625
0 0.546875 0.392188 0.006250 0.015625
0 0.546875 0.407813 0.006250 0.015625
0 0.546875 0.423438 0.006250 0.015625
0 0.546875 0.439063 0.006250 0.015625
0 0.548438 0.454688 0.006250 0.015625
0 0.546875 0.470313 0.006250 0.015625
0 0.546875 0.485938 0.006250 0.015625
0 0.546875 0.501563 0.006250 0.015625
0 0.546875 0.517188 0.006250 0.015625
0 0.546875 0.532813 0.006250 0.015625
0 0.546875 0.548438 0.006250 0.015625
0 0.546875 0.564063 0.006250 0.015625
0 0.546875 0.610938 0.006250 0.015625
0 0.562500 0.017188 0.006250 0.015625
0 0.562500 0.032813 0.006250 0.015625
0 0.564063 0.048438 0.006250 0.015625
0 0.564063 0.064062 0.006250 0.015625
0 0.562500 0.079687 0.006250 0.015625
0 0.562500 0.095312 0.006250 0.015625
0 0.564063 0.110937 0.006250 0.015625
0 0.562500 0.126562 0.006250 0.015625
0 0.562500 0.142187 0.006250 0.015625
0 0.562500 0.157812 0.006250 0.015625
0 0.562500 0.173437 0.006250 0.015625
0 0.562500 0.189062 0.006250 0.015625
0 0.564063 0.204687 0.006250 0.015625
0 0.562500 0.251563 0.006250 0.015625
0 0.562500 0.267188 0.006250 0.015625
0 0.562500 0.282813 0.006250 0.015625
0 0.562500 0.298438 0.006250 0.015625
0 0.562500 0.314063 0.006250 0.015625
0 0.562500 0.329688 0.006250 0.015625
0 0.562500 0.345313 0.006250 0.015625
0 0.562500 0.360938 0.006250 0.015625
0 0.562500 0.376563 0.006250 0.015625
0 0.562500 0.392188 0.006250 0.015625
0 0.562500 0.407813 0.006250 0.015625
0 0.562500 0.423438 0.006250 0.015625
0 0.562500 0.439063 0.006250 0.015625
0 0.562500 0.454688 0.006250 0.015625
0 0.562500 0.470313 0.006250 0.015625
0 0.562500 0.485938 0.006250 0.015625
0 0.564063 0.501563 0.006250 0.015625
0 0.562500 0.517188 0.006250 0.015625
0 0.562500 0.532813 0.006250 0.015625
0 0.562500 0.548438 0.006250 0.015625
0 0.562500 0.564063 0.006250 0.015625
0 0.562500 0.579688 0.006250 0.015625
0 0.562500 0.595313 0.006250 0.015625
0 0.562500 0.610938 0.006250 0.015625
0 0.578125 0.017188 0.006250 0.015625
0 0.578125 0.032813 0.006250 0.015625
0 0.579688 0.048438 0.006250 0.015625
0 0.578125 0.064062 0.006250 0.015625
0 0.578125 0.079687 0.006250 0.015625
0 0.578125 0.095312 0.006250 0.015625
0 0.578125 0.142187 0.006250 0.015625
0 0.578125 0.157812 0.006250 0.015625
0 0.578125 0.173437 0.006250 0.015625
0 0.578125 0.189062 0.006250 0.015625
0 0.578125 0.204687 0.006250 0.015625
0 0.579688 0.220312 0.006250 0.015625
0 0.578125 0.235937 0.006250 0.015625
0 0.578125 0.251563 0.006250 0.015625
0 0.579688 0.267188 0.006250 0.015625
0 0.578125 0.282813 0.006250 0.015625
0 0.578125 0.298438 0.006250 0.015625
0 0.579688 0.314063 0.006250 0.015625
0 0.578125 0.329688 0.006250 0.015625
0 0.578125 0.345313 0.006250 0.015625
0 0.578125 0.360938 0.006250 0.015625
0 0.578125 0.376563 0.006250 0.015625
0 0.578125 0.392188 0.006250 0.015625
0 0.579688 0.407813 0.006250 0.015625
0 0.578125 0.423438 0.006250 0.015625
0 0.578125 0.439063 0.006250 0.015625
0 0.578125 0.454688 0.006250 0.015625
0 0.578125 0.470313 0.006250 0.015625
0 0.578125 0.485938 0.006250 0.015625
0 0.579688 0.501563 0.006250 0.015625
0 0.578125 0.517188 0.006250 0.015625
0 0.578125 0.532813 0.006250 0.015625
0 0.578125 0.548438 0.006250 0.015625
0 0.578125 0.564063 0.006250 0.015625
0 0.578125 0.579688 0.006250 0.015625
0 0.578125 0.595313 0.006250 0.015625
0 0.578125 0.610938 0.006250 0.015625
0 0.593750 0.017188 0.006250 0.015625
0 0.593750 0.032813 0.006250 0.015625
0 0.595313 0.048438 0.006250 0.015625
0 0.595313 0.064062 0.006250 0.015625
0 0.593750 0.079687 0.006250 0.015625
0 0.593750 0.095312 0.006250 0.015625
0 0.595313 0.110937 0.006250 0.015625
0 0.593750 0.126562 0.006250 0.015625
0 0.593750 0.142187 0.006250 0.015625
0 0.593750 0.157812 0.006250 0.015625
0 0.593750 0.173437 0.006250 0.015625
0 0.593750 0.189062 0.006250 0.015625
0 0.595313 0.204687 0.006250 0.015625
0 0.593750 0.221875 0.006250 0.015625
0 0.593750 0.235937 0.006250 0.015625
0 0.595313 0.251563 0.006250 0.015625
0 0.595313 0.268750 0.006250 0.015625
0 0.595313 0.282813 0.006250 0.015625
0 0.593750 0.298438 0.006250 0.015625
0 0.595313 0.314063 0.006250 0.015625
0 0.593750 0.329688 0.006250 0.015625
0 0.593750 0.345313 0.006250 0.015625
0 0.593750 0.360938 0.006250 0.015625
0 0.593750 0.376563 0.006250 0.015625
0 0.593750 0.392188 0.006250 0.015625
0 0.593750 0.407813 0.006250 0.015625
0 0.595313 0.423438 0.006250 0.015625
0 0.593750 0.439063 0.006250 0.015625
0 0.593750 0.454688 0.006250 0.015625
0 0.593750 0.470313 0.006250 0.015625
0 0.593750 0.485938 0.006250 0.015625
0 0.593750 0.501563 0.006250 0.015625
0 0.593750 0.517188 0.006250 0.015625
0 0.593750 0.532813 0.006250 0.015625
0 0.593750 0.548438 0.006250 0.015625
0 0.593750 0.564063 0.006250 0.015625
0 0.593750 0.579688 0.006250 0.015625
0 0.595313 0.595313 0.006250 0.015625
0 0.593750 0.610938 0.006250 0.015625
0 0.609375 0.017188 0.006250 0.015625
0 0.610938 0.032813 0.006250 0.015625
0 0.609375 0.048438 0.006250 0.015625
0 0.609375 0.064062 0.006250 0.015625
0 0.609375 0.079687 0.006250 0.015625
0 0.609375 0.095312 0.006250 0.015625
0 0.609375 0.110937 0.006250 0.015625
0 0.609375 0.126562 0.006250 0.015625
0 0.609375 0.142187 0.006250 0.015625
0 0.609375 0.157812 0.006250 0.015625
0 0.609375 0.173437 0.006250 0.015625
0 0.609375 0.189062 0.006250 0.015625
0 0.609375 0.204687 0.006250 0.015625
0 0.609375 0.220312 0.006250 0.015625
0 0.609375 0.235937 0.006250 0.015625
0 0.610938 0.251563 0.006250 0.015625
0 0.609375 0.267188 0.006250 0.015625
0 0.609375 0.282813 0.006250 0.015625
0 0.609375 0.298438 0.006250 0.015625
0 0.609375 0.314063 0.006250 0.015625
0 0.609375 0.329688 0.006250 0.015625
0 0.609375 0.345313 0.006250 0.015625
0 0.609375 0.360938 0.006250 0.015625
0 0.609375 0.376563 0.006250 0.015625
0 0.609375 0.392188 0.006250 0.015625
0 0.609375 0.409375 0.006250 0.015625
0 0.609375 0.423438 0.006250 0.015625
0 0.609375 0.439063 0.006250 0.015625
0 0.609375 0.454688 0.006250 0.015625
0 0.609375 0.470313 0.006250 0.015625
0 0.609375 0.485938 0.006250 0.015625
0 0.609375 0.501563 0.006250 0.015625
0 0.609375 0.517188 0.006250 0.015625
0 0.609375 0.532813 0.006250 0.015625
0 0.609375 0.548438 0.006250 0.015625
0 0.609375 0.564063 0.006250 0.015625
0 0.609375 0.610938 0.006250 0.015625
0 0.625000 0.017188 0.006250 0.015625
0 0.626563 0.032813 0.006250 0.015625
0 0.625000 0.048438 0.006250 0.015625
0 0.625000 0.064062 0.006250 0.015625
0 0.625000 0.081250 0.006250 0.015625
0 0.625000 0.095312 0.006250 0.015625
0 0.625000 0.110937 0.006250 0.015625
0 0.625000 0.126562 0.006250 0.015625
0 0.626563 0.142187 0.006250 0.015625
0 0.625000 0.157812 0.006250 0.015625
0 0.625000 0.173437 0.006250 0.015625
0 0.626563 0.189062 0.006250 0.015625
0 0.625000 0.204687 0.006250 0.015625
0 0.626563 0.220312 0.006250 0.015625
0 0.626563 0.235937 0.006250 0.015625
0 0.626563 0.251563 0.006250 0.015625
0 0.625000 0.267188 0.006250 0.015625
0 0.625000 0.282813 0.006250 0.015625
0 0.625000 0.298438 0.006250 0.015625
0 0.625000 0.314063 0.006250 0.015625
0 0.625000 0.329688 0.006250 0.015625
0 0.625000 0.345313 0.006250 0.015625
0 0.626563 0.360938 0.006250 0.015625
0 0.625000 0.376563 0.006250 0.015625
0 0.626563 0.393750 0.006250 0.015625
0 0.626563 0.407813 0.006250 0.015625
0 0.625000 0.423438 0.006250 0.015625
0 0.626563 0.439063 0.006250 0.015625
0 0.625000 0.454688 0.006250 0.015625
0 0.625000 0.470313 0.006250 0.015625
0 0.625000 0.485938 0.006250 0.015625
0 0.625000 0.501563 0.006250 0.015625
0 0.625000 0.518750 0.006250 0.015625
0 0.626563 0.532813 0.006250 0.015625
0 0.625000 0.548438 0.006250 0.015625
0 0.625000 0.564063 0.006250 0.015625
0 0.625000 0.579688 0.006250 0.015625
0 0.625000 0.595313 0.006250 0.015625
0 0.625000 0.610938 0.006250 0.015625
0 0.640625 0.017188 0.006250 0.015625
0 0.640625 0.032813 0.006250 0.015625
0 0.640625 0.048438 0.006250 0.015625
0 0.640625 0.064062 0.006250 0.015625
0 0.640625 0.079687 0.006250 0.015625
0 0.640625 0.095312 0.006250 0.015625
0 0.642188 0.110937 0.006250 0.015625
0 0.642188 0.126562 0.006250 0.015625
0 0.640625 0.142187 0.006250 0.015625
0 0.642188 0.157812 0.006250 0.015625
0 0.640625 0.173437 0.006250 0.015625
0 0.640625 0.189062 0.006250 0.015625
0 0.640625 0.204687 0.006250 0.015625
0 0.642188 0.220312 0.006250 0.015625
0 0.640625 0.235937 0.006250 0.015625
0 0.640625 0.251563 0.006250 0.015625
0 0.640625 0.267188 0.006250 0.015625
0 0.642188 0.282813 0.006250 0.015625
0 0.640625 0.329688 0.006250 0.015625
0 0.640625 0.345313 0.006250 0.015625
0 0.640625 0.360938 0.006250 0.015625
0 0.640625 0.376563 0.006250 0.015625
0 0.640625 0.392188 0.006250 0.015625
0 0.640625 0.407813 0.006250 0.015625
0 0.640625 0.423438 0.006250 0.015625
0 0.640625 0.439063 0.006250 0.015625
0 0.640625 0.454688 0.006250 0.015625
0 0.640625 0.470313 0.006250 0.015625
0 0.640625 0.485938 0.006250 0.015625
0 0.640625 0.501563 0.006250 0.015625
0 0.640625 0.517188 0.006250 0.015625
0 0.640625 0.532813 0.006250 0.015625
0 0.640625 0.548438 0.006250 0.015625
0 0.640625 0.564063 0.006250 0.015625
0 0.640625 0.581250 0.006250 0.015625
0 0.640625 0.595313 0.006250 0.015625
0 0.640625 0.610938 0.006250 0.015625
0 0.656250 0.017188 0.006250 0.015625
0 0.656250 0.032813 0.006250 0.015625
0 0.656250 0.048438 0.006250 0.015625
0 0.657813 0.064062 0.006250 0.015625
0 0.656250 0.079687 0.006250 0.015625
0 0.656250 0.095312 0.006250 0.015625
0 0.656250 0.110937 0.006250 0.015625
0 0.656250 0.126562 0.006250 0.015625
0 0.657813 0.143750 0.006250 0.015625
0 0.657813 0.157812 0.006250 0.015625
0 0.657813 0.173437 0.006250 0.015625
0 0.657813 0.190625 0.006250 0.015625
0 0.657813 0.204687 0.006250 0.015625
0 0.656250 0.220312 0.006250 0.015625
0 0.657813 0.235937 0.006250 0.015625
0 0.656250 0.251563 0.006250 0.015625
0 0.656250 0.267188 0.006250 0.015625
0 0.657813 0.282813 0.006250 0.015625
0 0.656250 0.298438 0.006250 0.015625
0 0.656250 0.314063 0.006250 0.015625
0 0.656250 0.329688 0.006250 0.015625
0 0.656250 0.345313 0.006250 0.015625
0 0.656250 0.360938 0.006250 0.015625
0 0.656250 0.376563 0.006250 0.015625
0 0.656250 0.392188 0.006250 0.015625
0 0.656250 0.407813 0.006250 0.015625
0 0.657813 0.423438 0.006250 0.015625
0 0.656250 0.439063 0.006250 0.015625
0 0.656250 0.454688 0.006250 0.015625
0 0.656250 0.471875 0.006250 0.015625
0 0.657813 0.485938 0.006250 0.015625
0 0.656250 0.501563 0.006250 0.015625
0 0.656250 0.517188 0.006250 0.015625
0 0.656250 0.532813 0.006250 0.015625
0 0.656250 0.548438 0.006250 0.015625
0 0.656250 0.565625 0.006250 0.015625
0 0.656250 0.579688 0.006250 0.015625
0 0.656250 0.595313 0.006250 0.015625
0 0.656250 0.610938 0.006250 0.015625
0 0.671875 0.017188 0.006250 0.015625
0 0.673438 0.032813 0.006250 0.015625
0 0.673438 0.048438 0.006250 0.015625
0 0.671875 0.064062 0.006250 0.015625
0 0.671875 0.079687 0.006250 0.015625
0 0.673438 0.095312 0.006250 0.015625
0 0.671875 0.110937 0.006250 0.015625
0 0.671875 0.126562 0.006250 0.015625
0 0.673438 0.142187 0.006250 0.015625
0 0.671875 0.157812 0.006250 0.015625
0 0.671875 0.173437 0.006250 0.015625
0 0.673438 0.189062 0.006250 0.015625
0 0.673438 0.204687 0.006250 0.015625
0 0.671875 0.220312 0.006250 0.015625
0 0.673438 0.235937 0.006250 0.015625
0 0.673438 0.251563 0.006250 0.015625
0 0.673438 0.267188 0.006250 0.015625
0 0.671875 0.282813 0.006250 0.015625
0 0.671875 0.298438 0.006250 0.015625
0 0.671875 0.314063 0.006250 0.015625
0 0.671875 0.329688 0.006250 0.015625
0 0.671875 0.345313 0.006250 0.015625
0 0.671875 0.360938 0.006250 0.015625
0 0.671875 0.376563 0.006250 0.015625
0 0.673438 0.392188 0.006250 0.015625
0 0.671875 0.407813 0.006250 0.015625
0 0.671875 0.423438 0.006250 0.015625
0 0.671875 0.439063 0.006250 0.015625
0 0.673438 0.454688 0.006250 0.015625
0 0.673438 0.470313 0.006250 0.015625
0 0.671875 0.485938 0.006250 0.015625
0 0.671875 0.501563 0.006250 0.015625
0 0.671875 0.517188 0.006250 0.015625
0 0.671875 0.532813 0.006250 0.015625
0 0.671875 0.548438 0.006250 0.015625
0 0.671875 0.564063 0.006250 0.015625
0 0.671875 0.581250 0.006250 0.015625
0 0.671875 0.595313 0.006250 0.015625
0 0.671875 0.610938 0.006250 0.015625
0 0.687500 0.017188 0.006250 0.015625
0 0.687500 0.032813 0.006250 0.015625
0 0.687500 0.048438 0.006250 0.015625
0 0.687500 0.064062 0.006250 0.015625
0 0.687500 0.079687 0.006250 0.015625
0 0.687500 0.126562 0.006250 0.015625
0 0.689063 0.142187 0.006250 0.015625
0 0.689063 0.157812 0.006250 0.015625
0 0.689063 0.175000 0.006250 0.015625
0 0.689063 0.189062 0.006250 0.015625
0 0.689063 0.204687 0.006250 0.015625
0 0.687500 0.220312 0.006250 0.015625
0 0.687500 0.235937 0.006250 0.015625
0 0.687500 0.251563 0.006250 0.015625
0 0.687500 0.267188 0.006250 0.015625
0 0.689063 0.282813 0.006250 0.015625
0 0.687500 0.298438 0.006250 0.015625
0 0.687500 0.315625 0.006250 0.015625
0 0.689063 0.331250 0.006250 0.015625
0 0.687500 0.345313 0.006250 0.015625
0 0.687500 0.360938 0.006250 0.015625
0 0.687500 0.376563 0.006250 0.015625
0 0.687500 0.392188 0.006250 0.015625
0 0.687500 0.407813 0.006250 0.015625
0 0.687500 0.423438 0.006250 0.015625
0 0.687500 0.439063 0.006250 0.015625
0 0.687500 0.454688 0.006250 0.015625
0 0.687500 0.470313 0.006250 0.015625
0 0.687500 0.485938 0.006250 0.015625
0 0.687500 0.501563 0.006250 0.015625
0 0.687500 0.517188 0.006250 0.015625
0 0.687500 0.532813 0.006250 0.015625
0 0.687500 0.548438 0.006250 0.015625
0 0.689063 0.564063 0.006250 0.015625
0 0.687500 0.579688 0.006250 0.015625
0 0.687500 0.596875 0.006250 0.015625
0 0.689063 0.610938 0.006250 0.015625
0 0.703125 0.018750 0.006250 0.015625
0 0.704688 0.032813 0.006250 0.015625
0 0.704688 0.048438 0.006250 0.015625
0 0.703125 0.064062 0.006250 0.015625
0 0.703125 0.079687 0.006250 0.015625
0 0.703125 0.095312 0.006250 0.015625
0 0.704688 0.110937 0.006250 0.015625
0 0.704688 0.126562 0.006250 0.015625
0 0.704688 0.142187 0.006250 0.015625
0 0.704688 0.157812 0.006250 0.015625
0 0.704688 0.206250 0.006250 0.015625
0 0.704688 0.220312 0.006250 0.015625
0 0.704688 0.235937 0.006250 0.015625
0 0.704688 0.251563 0.006250 0.015625
0 0.703125 0.267188 0.006250 0.015625
0 0.704688 0.282813 0.006250 0.015625
0 0.704688 0.298438 0.006250 0.015625
0 0.704688 0.314063 0.006250 0.015625
0 0.704688 0.329688 0.006250 0.015625
0 0.703125 0.345313 0.006250 0.015625
0 0.704688 0.360938 0.006250 0.015625
0 0.703125 0.376563 0.006250 0.015625
0 0.703125 0.392188 0.006250 0.015625
0 0.703125 0.407813 0.006250 0.015625
0 0.703125 0.423438 0.006250 0.015625
0 0.703125 0.439063 0.006250 0.015625
0 0.703125 0.454688 0.006250 0.015625
0 0.703125 0.470313 0.006250 0.015625
0 0.703125 0.485938 0.006250 0.015625
0 0.703125 0.501563 0.006250 0.015625
0 0.703125 0.517188 0.006250 0.015625
0 0.703125 0.532813 0.006250 0.015625
0 0.703125 0.548438 0.006250 0.015625
0 0.703125 0.564063 0.006250 0.015625
0 0.704688 0.579688 0.006250 0.015625
0 0.703125 0.595313 0.006250 0.015625
0 0.703125 0.610938 0.006250 0.015625
0 0.718750 0.017188 0.006250 0.015625
0 0.720313 0.032813 0.006250 0.015625
0 0.720313 0.048438 0.006250 0.015625
0 0.718750 0.064062 0.006250 0.015625
0 0.720313 0.079687 0.006250 0.015625
0 0.718750 0.095312 0.006250 0.015625
0 0.720313 0.110937 0.006250 0.015625
0 0.720313 0.126562 0.006250 0.015625
0 0.718750 0.142187 0.006250 0.015625
0 0.718750 0.157812 0.006250 0.015625
0 0.718750 0.173437 0.006250 0.015625
0 0.720313 0.189062 0.006250 0.015625
0 0.720313 0.204687 0.006250 0.015625
0 0.720313 0.220312 0.006250 0.015625
0 0.720313 0.235937 0.006250 0.015625
0 0.718750 0.251563 0.006250 0.015625
0 0.720313 0.267188 0.006250 0.015625
0 0.718750 0.284375 0.006250 0.015625
0 0.720313 0.300000 0.006250 0.015625
0 0.720313 0.314063 0.006250 0.015625
0 0.718750 0.331250 0.006250 0.015625
0 0.718750 0.346875 0.006250 0.015625
0 0.718750 0.360938 0.006250 0.015625
0 0.718750 0.378125 0.006250 0.015625
0 0.720313 0.392188 0.006250 0.015625
0 0.718750 0.407813 0.006250 0.015625
0 0.718750 0.423438 0.006250 0.015625
0 0.718750 0.439063 0.006250 0.015625
0 0.720313 0.454688 0.006250 0.015625
0 0.720313 0.470313 0.006250 0.015625
0 0.718750 0.485938 0.006250 0.015625
0 0.718750 0.501563 0.006250 0.015625
0 0.718750 0.517188 0.006250 0.015625
0 0.718750 0.534375 0.006250 0.015625
0 0.718750 0.548438 0.006250 0.015625
0 0.718750 0.564063 0.006250 0.015625
0 0.718750 0.579688 0.006250 0.015625
0 0.718750 0.595313 0.006250 0.015625
0 0.718750 0.610938 0.006250 0.015625
0 0.735938 0.017188 0.006250 0.015625
0 0.734375 0.032813 0.006250 0.015625
0 0.735938 0.048438 0.006250 0.015625
0 0.735938 0.064062 0.006250 0.015625
0 0.735938 0.079687 0.006250 0.015625
0 0.735938 0.095312 0.006250 0.015625
0 0.735938 0.110937 0.006250 0.015625
0 0.735938 0.128125 0.006250 0.015625
0 0.735938 0.142187 0.006250 0.015625
0 0.735938 0.159375 0.006250 0.015625
0 0.735938 0.173437 0.006250 0.015625
0 0.734375 0.189062 0.006250 0.015625
0 0.734375 0.204687 0.006250 0.015625
0 0.735938 0.220312 0.006250 0.015625
0 0.735938 0.235937 0.006250 0.015625
0 0.735938 0.251563 0.006250 0.015625
0 0.735938 0.268750 0.006250 0.015625
0 0.735938 0.284375 0.006250 0.015625
0 0.735938 0.298438 0.006250 0.015625
0 0.734375 0.314063 0.006250 0.015625
0 0.735938 0.329688 0.006250 0.015625
0 0.734375 0.345313 0.006250 0.015625
0 0.734375 0.360938 0.006250 0.015625
0 0.735938 0.376563 0.006250 0.015625
0 0.735938 0.393750 0.006250 0.015625
0 0.734375 0.407813 0.006250 0.015625
0 0.735938 0.423438 0.006250 0.015625
0 0.735938 0.439063 0.006250 0.015625
0 0.735938 0.454688 0.006250 0.015625
0 0.735938 0.470313 0.006250 0.015625
0 0.734375 0.485938 0.006250 0.015625
0 0.734375 0.501563 0.006250 0.015625
0 0.734375 0.517188 0.006250 0.015625
0 0.734375 0.532813 0.006250 0.015625
0 0.734375 0.548438 0.006250 0.015625
0 0.734375 0.564063 0.006250 0.015625
0 0.735938 0.579688 0.006250 0.015625
0 0.735938 0.595313 0.006250 0.015625
0 0.734375 0.610938 0.006250 0.015625
0 0.750000 0.017188 0.006250 0.015625
0 0.750000 0.032813 0.006250 0.015625
0 0.750000 0.048438 0.006250 0.015625
0 0.751563 0.064062 0.006250 0.015625
0 0.750000 0.079687 0.006250 0.015625
0 0.751563 0.095312 0.006250 0.015625
0 0.750000 0.110937 0.006250 0.015625
0 0.751563 0.126562 0.006250 0.015625
0 0.750000 0.142187 0.006250 0.015625
0 0.751563 0.157812 0.006250 0.015625
0 0.750000 0.173437 0.006250 0.015625
0 0.751563 0.220312 0.006250 0.015625
0 0.750000 0.235937 0.006250 0.015625
0 0.750000 0.251563 0.006250 0.015625
0 0.751563 0.268750 0.006250 0.015625
0 0.750000 0.282813 0.006250 0.015625
0 0.750000 0.298438 0.006250 0.015625
0 0.750000 0.314063 0.006250 0.015625
0 0.750000 0.329688 0.006250 0.015625
0 0.750000 0.345313 0.006250 0.015625
0 0.750000 0.360938 0.006250 0.015625
0 0.750000 0.376563 0.006250 0.015625
0 0.750000 0.392188 0.006250 0.015625
0 0.750000 0.407813 0.006250 0.015625
0 0.750000 0.423438 0.006250 0.015625
0 0.750000 0.439063 0.006250 0.015625
0 0.751563 0.454688 0.006250 0.015625
0 0.751563 0.470313 0.006250 0.015625
0 0.751563 0.485938 0.006250 0.015625
0 0.750000 0.501563 0.006250 0.015625
0 0.751563 0.517188 0.006250 0.015625
0 0.750000 0.532813 0.006250 0.015625
0 0.750000 0.548438 0.006250 0.015625
0 0.751563 0.564063 0.006250 0.015625
0 0.751563 0.579688 0.006250 0.015625
0 0.750000 0.595313 0.006250 0.015625
0 0.750000 0.610938 0.006250 0.015625
0 0.767188 0.018750 0.006250 0.015625
0 0.767188 0.032813 0.006250 0.015625
0 0.765625 0.048438 0.006250 0.015625
0 0.767188 0.065625 0.006250 0.015625
0 0.765625 0.079687 0.006250 0.015625
0 0.767188 0.095312 0.006250 0.015625
0 0.765625 0.110937 0.006250 0.015625
0 0.765625 0.126562 0.006250 0.015625
0 0.767188 0.142187 0.006250 0.015625
0 0.765625 0.157812 0.006250 0.015625
0 0.765625 0.173437 0.006250 0.015625
0 0.765625 0.189062 0.006250 0.015625
0 0.765625 0.204687 0.006250 0.015625
0 0.765625 0.220312 0.006250 0.015625
0 0.767188 0.237500 0.006250 0.015625
0 0.767188 0.251563 0.006250 0.015625
0 0.765625 0.268750 0.006250 0.015625
0 0.767188 0.282813 0.006250 0.015625
0 0.767188 0.298438 0.006250 0.015625
0 0.767188 0.315625 0.006250 0.015625
0 0.765625 0.329688 0.006250 0.015625
0 0.765625 0.345313 0.006250 0.015625
0 0.767188 0.360938 0.006250 0.015625
0 0.765625 0.376563 0.006250 0.015625
0 0.765625 0.392188 0.006250 0.015625
0 0.765625 0.407813 0.006250 0.015625
0 0.767188 0.423438 0.006250 0.015625
0 0.765625 0.440625 0.006250 0.015625
0 0.767188 0.454688 0.006250 0.015625
0 0.765625 0.470313 0.006250 0.015625
0 0.765625 0.485938 0.006250 0.015625
0 0.765625 0.501563 0.006250 0.015625
0 0.767188 0.517188 0.006250 0.015625
0 0.765625 0.532813 0.006250 0.015625
0 0.765625 0.548438 0.006250 0.015625
0 0.765625 0.565625 0.006250 0.015625
0 0.765625 0.579688 0.006250 0.015625
0 0.767188 0.595313 0.006250 0.015625
0 0.765625 0.610938 0.006250 0.015625
0 0.782813 0.017188 0.006250 0.015625
0 0.781250 0.032813 0.006250 0.015625
0 0.782813 0.048438 0.006250 0.015625
0 0.782813 0.064062 0.006250 0.015625
0 0.781250 0.079687 0.006250 0.015625
0 0.781250 0.095312 0.006250 0.015625
0 0.781250 0.110937 0.006250 0.015625
0 0.782813 0.126562 0.006250 0.015625
0 0.782813 0.143750 0.006250 0.015625
0 0.782813 0.157812 0.006250 0.015625
0 0.782813 0.173437 0.006250 0.015625
0 0.782813 0.189062 0.006250 0.015625
0 0.782813 0.206250 0.006250 0.015625
0 0.782813 0.221875 0.006250 0.015625
0 0.782813 0.235937 0.006250 0.015625
0 0.782813 0.251563 0.006250 0.015625
0 0.782813 0.268750 0.006250 0.015625
0 0.782813 0.282813 0.006250 0.015625
0 0.781250 0.298438 0.006250 0.015625
0 0.782813 0.314063 0.006250 0.015625
0 0.782813 0.329688 0.006250 0.015625
0 0.781250 0.345313 0.006250 0.015625
0 0.782813 0.360938 0.006250 0.015625
0 0.781250 0.376563 0.006250 0.015625
0 0.782813 0.392188 0.006250 0.015625
0 0.782813 0.407813 0.006250 0.015625
0 0.781250 0.423438 0.006250 0.015625
0 0.781250 0.439063 0.006250 0.015625
0 0.782813 0.454688 0.006250 0.015625
0 0.782813 0.470313 0.006250 0.015625
0 0.782813 0.487500 0.006250 0.015625
0 0.781250 0.503125 0.006250 0.015625
0 0.781250 0.517188 0.006250 0.015625
0 0.781250 0.532813 0.006250 0.015625
0 0.781250 0.548438 0.006250 0.015625
0 0.781250 0.564063 0.006250 0.015625
0 0.781250 0.579688 0.006250 0.015625
0 0.782813 0.595313 0.006250 0.015625
0 0.781250 0.610938 0.006250 0.015625
0 0.798438 0.017188 0.006250 0.015625
0 0.796875 0.032813 0.006250 0.015625
0 0.798438 0.048438 0.006250 0.015625
0 0.798438 0.064062 0.006250 0.015625
0 0.796875 0.079687 0.006250 0.015625
0 0.796875 0.095312 0.006250 0.015625
0 0.798438 0.110937 0.006250 0.015625
0 0.796875 0.126562 0.006250 0.015625
0 0.796875 0.142187 0.006250 0.015625
0 0.798438 0.157812 0.006250 0.015625
0 0.796875 0.173437 0.006250 0.015625
0 0.798438 0.189062 0.006250 0.015625
0 0.798438 0.204687 0.006250 0.015625
0 0.796875 0.220312 0.006250 0.015625
0 0.798438 0.235937 0.006250 0.015625
0 0.798438 0.251563 0.006250 0.015625
0 0.798438 0.268750 0.006250 0.015625
0 0.798438 0.284375 0.006250 0.015625
0 0.798438 0.298438 0.006250 0.015625
0 0.798438 0.314063 0.006250 0.015625
0 0.798438 0.329688 0.006250 0.015625
0 0.796875 0.345313 0.006250 0.015625
0 0.796875 0.360938 0.006250 0.015625
0 0.796875 0.376563 0.006250 0.015625
0 0.796875 0.392188 0.006250 0.015625
0 0.796875 0.407813 0.006250 0.015625
0 0.796875 0.423438 0.006250 0.015625
0 0.796875 0.440625 0.006250 0.015625
0 0.798438 0.454688 0.006250 0.015625
0 0.796875 0.470313 0.006250 0.015625
0 0.796875 0.487500 0.006250 0.015625
0 0.796875 0.501563 0.006250 0.015625
0 0.796875 0.517188 0.006250 0.015625
0 0.796875 0.532813 0.006250 0.015625
0 0.798438 0.548438 0.006250 0.015625
0 0.796875 0.564063 0.006250 0.015625
0 0.798438 0.579688 0.006250 0.015625
0 0.798438 0.595313 0.006250 0.015625
0 0.798438 0.610938 0.006250 0.015625
0 0.814063 0.017188 0.006250 0.015625
0 0.812500 0.032813 0.006250 0.015625
0 0.812500 0.048438 0.006250 0.015625
0 0.812500 0.064062 0.006250 0.015625
0 0.814063 0.079687 0.006250 0.015625
0 0.812500 0.095312 0.006250 0.015625
0 0.812500 0.110937 0.006250 0.015625
0 0.814063 0.126562 0.006250 0.015625
0 0.814063 0.142187 0.006250 0.015625
0 0.814063 0.157812 0.006250 0.015625
0 0.812500 0.173437 0.006250 0.015625
0 0.814063 0.189062 0.006250 0.015625
0 0.814063 0.204687 0.006250 0.015625
0 0.814063 0.220312 0.006250 0.015625
0 0.814063 0.237500 0.006250 0.015625
0 0.814063 0.253125 0.006250 0.015625
0 0.814063 0.268750 0.006250 0.015625
0 0.814063 0.284375 0.006250 0.015625
0 0.814063 0.300000 0.006250 0.015625
0 0.812500 0.314063 0.006250 0.015625
0 0.812500 0.329688 0.006250 0.015625
0 0.812500 0.346875 0.006250 0.015625
0 0.814063 0.360938 0.006250 0.015625
0 0.812500 0.376563 0.006250 0.015625
0 0.812500 0.392188 0.006250 0.015625
0 0.812500 0.407813 0.006250 0.015625
0 0.812500 0.423438 0.006250 0.015625
0 0.812500 0.439063 0.006250 0.015625
0 0.812500 0.454688 0.006250 0.015625
0 0.812500 0.470313 0.006250 0.015625
0 0.812500 0.485938 0.006250 0.015625
0 0.812500 0.501563 0.006250 0.015625
0 0.812500 0.517188 0.006250 0.015625
0 0.812500 0.532813 0.006250 0.015625
0 0.812500 0.548438 0.006250 0.015625
0 0.812500 0.564063 0.006250 0.015625
0 0.812500 0.579688 0.006250 0.015625
0 0.814063 0.595313 0.006250 0.015625
0 0.814063 0.612500 0.006250 0.015625
0 0.829688 0.017188 0.006250 0.015625
0 0.829688 0.032813 0.006250 0.015625
0 0.828125 0.048438 0.006250 0.015625
0 0.828125 0.064062 0.006250 0.015625
0 0.828125 0.079687 0.006250 0.015625
0 0.828125 0.095312 0.006250 0.015625
0 0.828125 0.110937 0.006250 0.015625
0 0.828125 0.126562 0.006250 0.015625
0 0.829688 0.142187 0.006250 0.015625
0 0.828125 0.157812 0.006250 0.015625
0 0.828125 0.173437 0.006250 0.015625
0 0.829688 0.189062 0.006250 0.015625
0 0.828125 0.204687 0.006250 0.015625
0 0.828125 0.220312 0.006250 0.015625
0 0.829688 0.237500 0.006250 0.015625
0 0.829688 0.253125 0.006250 0.015625
0 0.829688 0.267188 0.006250 0.015625
0 0.829688 0.284375 0.006250 0.015625
0 0.828125 0.298438 0.006250 0.015625
0 0.829688 0.314063 0.006250 0.015625
0 0.828125 0.329688 0.006250 0.015625
0 0.829688 0.346875 0.006250 0.015625
0 0.829688 0.360938 0.006250 0.015625
0 0.828125 0.378125 0.006250 0.015625
0 0.828125 0.392188 0.006250 0.015625
0 0.828125 0.407813 0.006250 0.015625
0 0.828125 0.423438 0.006250 0.015625
0 0.829688 0.440625 0.006250 0.015625
0 0.829688 0.454688 0.006250 0.015625
0 0.829688 0.470313 0.006250 0.015625
0 0.828125 0.487500 0.006250 0.015625
0 0.828125 0.501563 0.006250 0.015625
0 0.828125 0.517188 0.006250 0.015625
0 0.828125 0.532813 0.006250 0.015625
0 0.828125 0.548438 0.006250 0.015625
0 0.828125 0.564063 0.006250 0.015625
0 0.828125 0.579688 0.006250 0.015625
0 0.829688 0.595313 0.006250 0.015625
0 0.829688 0.612500 0.006250 0.015625
0 0.843750 0.017188 0.006250 0.015625
0 0.843750 0.032813 0.006250 0.015625
0 0.843750 0.048438 0.006250 0.015625
0 0.843750 0.064062 0.006250 0.015625
0 0.843750 0.079687 0.006250 0.015625
0 0.843750 0.095312 0.006250 0.015625
0 0.843750 0.110937 0.006250 0.015625
0 0.843750 0.126562 0.006250 0.015625
0 0.843750 0.142187 0.006250 0.015625
0 0.845313 0.157812 0.006250 0.015625
0 0.843750 0.173437 0.006250 0.015625
0 0.843750 0.189062 0.006250 0.015625
0 0.845313 0.204687 0.006250 0.015625
0 0.843750 0.221875 0.006250 0.015625
0 0.845313 0.237500 0.006250 0.015625
0 0.845313 0.251563 0.006250 0.015625
0 0.845313 0.267188 0.006250 0.015625
0 0.845313 0.282813 0.006250 0.015625
0 0.845313 0.298438 0.006250 0.015625
0 0.845313 0.315625 0.006250 0.015625
0 0.845313 0.329688 0.006250 0.015625
0 0.843750 0.345313 0.006250 0.015625
0 0.843750 0.360938 0.006250 0.015625
0 0.845313 0.376563 0.006250 0.015625
0 0.843750 0.392188 0.006250 0.015625
0 0.843750 0.407813 0.006250 0.015625
0 0.843750 0.423438 0.006250 0.015625
0 0.843750 0.439063 0.006250 0.015625
0 0.843750 0.454688 0.006250 0.015625
0 0.843750 0.470313 0.006250 0.015625
0 0.843750 0.485938 0.006250 0.015625
0 0.843750 0.501563 0.006250 0.015625
0 0.843750 0.518750 0.006250 0.015625
0 0.843750 0.532813 0.006250 0.015625
0 0.843750 0.548438 0.006250 0.015625
0 0.843750 0.564063 0.006250 0.015625
0 0.843750 0.579688 0.006250 0.015625
0 0.843750 0.595313 0.006250 0.015625
0 0.845313 0.610938 0.006250 0.015625
0 0.859375 0.017188 0.006250 0.015625
0 0.860938 0.032813 0.006250 0.015625
0 0.860938 0.048438 0.006250 0.015625
0 0.860938 0.064062 0.006250 0.015625
0 0.860938 0.081250 0.006250 0.015625
0 0.860938 0.095312 0.006250 0.015625
0 0.859375 0.110937 0.006250 0.015625
0 0.860938 0.126562 0.006250 0.015625
0 0.860938 0.142187 0.006250 0.015625
0 0.860938 0.157812 0.006250 0.015625
0 0.860938 0.173437 0.006250 0.015625
0 0.860938 0.189062 0.006250 0.015625
0 0.860938 0.206250 0.006250 0.015625
0 0.860938 0.220312 0.006250 0.015625
0 0.860938 0.237500 0.006250 0.015625
0 0.860938 0.251563 0.006250 0.015625
0 0.860938 0.267188 0.006250 0.015625
0 0.860938 0.282813 0.006250 0.015625
0 0.860938 0.298438 0.006250 0.015625
0 0.860938 0.314063 0.006250 0.015625
0 0.860938 0.329688 0.006250 0.015625
0 0.860938 0.346875 0.006250 0.015625
0 0.860938 0.362500 0.006250 0.015625
0 0.859375 0.378125 0.006250 0.015625
0 0.860938 0.392188 0.006250 0.015625
0 0.860938 0.407813 0.006250 0.015625
0 0.859375 0.425000 0.006250 0.015625
0 0.859375 0.439063 0.006250 0.015625
0 0.859375 0.454688 0.006250 0.015625
0 0.859375 0.470313 0.006250 0.015625
0 0.860938 0.487500 0.006250 0.015625
0 0.859375 0.501563 0.006250 0.015625
0 0.860938 0.517188 0.006250 0.015625
0 0.860938 0.532813 0.006250 0.015625
0 0.859375 0.550000 0.006250 0.015625
0 0.860938 0.564063 0.006250 0.015625
0 0.860938 0.581250 0.006250 0.015625
0 0.860938 0.596875 0.006250 0.015625
0 0.860938 0.610938 0.006250 0.015625
0 0.875000 0.017188 0.006250 0.015625
0 0.876563 0.032813 0.006250 0.015625
0 0.876563 0.048438 0.006250 0.015625
0 0.876563 0.064062 0.006250 0.015625
0 0.875000 0.079687 0.006250 0.015625
0 0.875000 0.095312 0.006250 0.015625
0 0.876563 0.112500 0.006250 0.015625
0 0.876563 0.126562 0.006250 0.015625
0 0.876563 0.142187 0.006250 0.015625
0 0.875000 0.157812 0.006250 0.015625
0 0.876563 0.173437 0.006250 0.015625
0 0.876563 0.189062 0.006250 0.015625
0 0.876563 0.204687 0.006250 0.015625
0 0.875000 0.220312 0.006250 0.015625
0 0.876563 0.235937 0.006250 0.015625
0 0.876563 0.253125 0.006250 0.015625
0 0.876563 0.268750 0.006250 0.015625
0 0.876563 0.282813 0.006250 0.015625
0 0.876563 0.298438 0.006250 0.015625
0 0.875000 0.314063 0.006250 0.015625
0 0.876563 0.329688 0.006250 0.015625
0 0.876563 0.345313 0.006250 0.015625
0 0.875000 0.360938 0.006250 0.015625
0 0.876563 0.376563 0.006250 0.015625
0 0.876563 0.392188 0.006250 0.015625
0 0.875000 0.407813 0.006250 0.015625
0 0.875000 0.423438 0.006250 0.015625
0 0.876563 0.439063 0.006250 0.015625
0 0.875000 0.456250 0.006250 0.015625
0 0.875000 0.470313 0.006250 0.015625
0 0.875000 0.485938 0.006250 0.015625
0 0.875000 0.501563 0.006250 0.015625
0 0.875000 0.517188 0.006250 0.015625
0 0.875000 0.532813 0.006250 0.015625
0 0.876563 0.548438 0.006250 0.015625
0 0.876563 0.564063 0.006250 0.015625
0 0.876563 0.581250 0.006250 0.015625
0 0.875000 0.595313 0.006250 0.015625
0 0.876563 0.610938 0.006250 0.015625
0 0.892188 0.017188 0.006250 0.015625
0 0.892188 0.032813 0.006250 0.015625
0 0.892188 0.048438 0.006250 0.015625
0 0.892188 0.064062 0.006250 0.015625
0 0.892188 0.079687 0.006250 0.015625
0 0.892188 0.095312 0.006250 0.015625
0 0.892188 0.112500 0.006250 0.015625
0 0.892188 0.126562 0.006250 0.015625
0 0.892188 0.142187 0.006250 0.015625
0 0.892188 0.157812 0.006250 0.015625
0 0.892188 0.173437 0.006250 0.015625
0 0.892188 0.189062 0.006250 0.015625
0 0.892188 0.204687 0.006250 0.015625
0 0.892188 0.221875 0.006250 0.015625
0 0.892188 0.237500 0.006250 0.015625
0 0.892188 0.251563 0.006250 0.015625
0 0.892188 0.267188 0.006250 0.015625
0 0.892188 0.282813 0.006250 0.015625
0 0.890625 0.298438 0.006250 0.015625
0 0.892188 0.314063 0.006250 0.015625
0 0.890625 0.329688 0.006250 0.015625
0 0.890625 0.345313 0.006250 0.015625
0 0.890625 0.360938 0.006250 0.015625
0 0.890625 0.376563 0.006250 0.015625
0 0.890625 0.392188 0.006250 0.015625
0 0.890625 0.407813 0.006250 0.015625
0 0.892188 0.425000 0.006250 0.015625
0 0.892188 0.439063 0.006250 0.015625
0 0.892188 0.454688 0.006250 0.015625
0 0.892188 0.470313 0.006250 0.015625
0 0.892188 0.485938 0.006250 0.015625
0 0.890625 0.501563 0.006250 0.015625
0 0.890625 0.517188 0.006250 0.015625
0 0.890625 0.532813 0.006250 0.015625
0 0.892188 0.548438 0.006250 0.015625
0 0.890625 0.564063 0.006250 0.015625
0 0.890625 0.579688 0.006250 0.015625
0 0.892188 0.595313 0.006250 0.015625
0 0.892188 0.610938 0.006250 0.015625
0 0.907813 0.017188 0.006250 0.015625
0 0.907813 0.032813 0.006250 0.015625
0 0.907813 0.048438 0.006250 0.015625
0 0.907813 0.064062 0.006250 0.015625
0 0.906250 0.079687 0.006250 0.015625
0 0.907813 0.095312 0.006250 0.015625
0 0.907813 0.110937 0.006250 0.015625
0 0.907813 0.126562 0.006250 0.015625
0 0.907813 0.142187 0.006250 0.015625
0 0.907813 0.159375 0.006250 0.015625
0 0.907813 0.173437 0.006250 0.015625
0 0.907813 0.189062 0.006250 0.015625
0 0.906250 0.204687 0.006250 0.015625
0 0.907813 0.220312 0.006250 0.015625
0 0.907813 0.235937 0.006250 0.015625
0 0.907813 0.251563 0.006250 0.015625
0 0.907813 0.267188 0.006250 0.015625
0 0.907813 0.282813 0.006250 0.015625
0 0.907813 0.298438 0.006250 0.015625
0 0.906250 0.314063 0.006250 0.015625
0 0.907813 0.329688 0.006250 0.015625
0 0.906250 0.345313 0.006250 0.015625
0 0.906250 0.360938 0.006250 0.015625
0 0.906250 0.376563 0.006250 0.015625
0 0.906250 0.392188 0.006250 0.015625
0 0.907813 0.407813 0.006250 0.015625
0 0.906250 0.423438 0.006250 0.015625
0 0.906250 0.439063 0.006250 0.015625
0 0.907813 0.454688 0.006250 0.015625
0 0.907813 0.470313 0.006250 0.015625
0 0.907813 0.485938 0.006250 0.015625
0 0.906250 0.501563 0.006250 0.015625
0 0.906250 0.517188 0.006250 0.015625
0 0.907813 0.532813 0.006250 0.015625
0 0.907813 0.548438 0.006250 0.015625
0 0.906250 0.565625 0.006250 0.015625
0 0.907813 0.579688 0.006250 0.015625
0 0.907813 0.595313 0.006250 0.015625
0 0.907813 0.612500 0.006250 0.015625
0 0.923438 0.017188 0.006250 0.015625
0 0.923438 0.032813 0.006250 0.015625
0 0.923438 0.048438 0.006250 0.015625
0 0.923438 0.064062 0.006250 0.015625
0 0.921875 0.079687 0.006250 0.015625
0 0.923438 0.095312 0.006250 0.015625
0 0.923438 0.110937 0.006250 0.015625
0 0.923438 0.126562 0.006250 0.015625
0 0.923438 0.142187 0.006250 0.015625
0 0.923438 0.157812 0.006250 0.015625
0 0.923438 0.173437 0.006250 0.015625
0 0.923438 0.190625 0.006250 0.015625
0 0.923438 0.204687 0.006250 0.015625
0 0.923438 0.220312 0.006250 0.015625
0 0.923438 0.235937 0.006250 0.015625
0 0.923438 0.251563 0.006250 0.015625
0 0.921875 0.268750 0.006250 0.015625
0 0.923438 0.282813 0.006250 0.015625
0 0.921875 0.298438 0.006250 0.015625
0 0.923438 0.314063 0.006250 0.015625
0 0.921875 0.329688 0.006250 0.015625
0 0.923438 0.346875 0.006250 0.015625
0 0.921875 0.360938 0.006250 0.015625
0 0.921875 0.376563 0.006250 0.015625
0 0.921875 0.392188 0.006250 0.015625
0 0.923438 0.407813 0.006250 0.015625
0 0.921875 0.423438 0.006250 0.015625
0 0.923438 0.439063 0.006250 0.015625
0 0.921875 0.454688 0.006250 0.015625
0 0.921875 0.470313 0.006250 0.015625
0 0.921875 0.485938 0.006250 0.015625
0 0.923438 0.501563 0.006250 0.015625
0 0.923438 0.517188 0.006250 0.015625
0 0.921875 0.532813 0.006250 0.015625
0 0.923438 0.550000 0.006250 0.015625
0 0.923438 0.564063 0.006250 0.015625
0 0.923438 0.579688 0.006250 0.015625
0 0.923438 0.596875 0.006250 0.015625
0 0.923438 0.612500 0.006250 0.015625
0 0.937500 0.017188 0.006250 0.015625
0 0.939063 0.032813 0.006250 0.015625
0 0.937500 0.048438 0.006250 0.015625
0 0.939063 0.064062 0.006250 0.015625
0 0.939063 0.079687 0.006250 0.015625
0 0.937500 0.096875 0.006250 0.015625
0 0.939063 0.110937 0.006250 0.015625
0 0.939063 0.126562 0.006250 0.015625
0 0.939063 0.142187 0.006250 0.015625
0 0.937500 0.157812 0.006250 0.015625
0 0.937500 0.175000 0.006250 0.015625
0 0.939063 0.190625 0.006250 0.015625
0 0.939063 0.206250 0.006250 0.015625
0 0.939063 0.221875 0.006250 0.015625
0 0.939063 0.235937 0.006250 0.015625
0 0.939063 0.251563 0.006250 0.015625
0 0.939063 0.268750 0.006250 0.015625
0 0.939063 0.282813 0.006250 0.015625
0 0.937500 0.298438 0.006250 0.015625
0 0.937500 0.314063 0.006250 0.015625
0 0.939063 0.329688 0.006250 0.015625
0 0.939063 0.346875 0.006250 0.015625
0 0.939063 0.362500 0.006250 0.015625
0 0.937500 0.376563 0.006250 0.015625
0 0.937500 0.392188 0.006250 0.015625
0 0.937500 0.409375 0.006250 0.015625
0 0.937500 0.425000 0.006250 0.015625
0 0.937500 0.439063 0.006250 0.015625
0 0.937500 0.454688 0.006250 0.015625
0 0.937500 0.470313 0.006250 0.015625
0 0.939063 0.485938 0.006250 0.015625
0 0.937500 0.501563 0.006250 0.015625
0 0.937500 0.517188 0.006250 0.015625
0 0.937500 0.532813 0.006250 0.015625
0 0.937500 0.550000 0.006250 0.015625
0 0.939063 0.564063 0.006250 0.015625
0 0.939063 0.579688 0.006250 0.015625
0 0.937500 0.595313 0.006250 0.015625
0 0.939063 0.610938 0.006250 0.015625
0 0.954688 0.018750 0.006250 0.015625
0 0.954688 0.032813 0.006250 0.015625
0 0.954688 0.048438 0.006250 0.015625
0 0.954688 0.064062 0.006250 0.015625
0 0.953125 0.079687 0.006250 0.015625
0 0.954688 0.095312 0.006250 0.015625
0 0.954688 0.110937 0.006250 0.015625
0 0.954688 0.126562 0.006250 0.015625
0 0.954688 0.143750 0.006250 0.015625
0 0.954688 0.157812 0.006250 0.015625
0 0.954688 0.175000 0.006250 0.015625
0 0.954688 0.190625 0.006250 0.015625
0 0.954688 0.206250 0.006250 0.015625
0 0.954688 0.220312 0.006250 0.015625
0 0.954688 0.237500 0.006250 0.015625
0 0.954688 0.253125 0.006250 0.015625
0 0.954688 0.268750 0.006250 0.015625
0 0.954688 0.282813 0.006250 0.015625
0 0.953125 0.298438 0.006250 0.015625
0 0.954688 0.314063 0.006250 0.015625
0 0.953125 0.329688 0.006250 0.015625
0 0.953125 0.345313 0.006250 0.015625
0 0.953125 0.360938 0.006250 0.015625
0 0.954688 0.376563 0.006250 0.015625
0 0.954688 0.392188 0.006250 0.015625
0 0.953125 0.407813 0.006250 0.015625
0 0.954688 0.423438 0.006250 0.015625
0 0.953125 0.439063 0.006250 0.015625
0 0.954688 0.454688 0.006250 0.015625
0 0.953125 0.470313 0.006250 0.015625
0 0.953125 0.485938 0.006250 0.015625
0 0.954688 0.503125 0.006250 0.015625
0 0.953125 0.517188 0.006250 0.015625
0 0.953125 0.532813 0.006250 0.015625
0 0.953125 0.548438 0.006250 0.015625
0 0.953125 0.564063 0.006250 0.015625
0 0.954688 0.579688 0.006250 0.015625
0 0.954688 0.595313 0.006250 0.015625
0 0.954688 0.612500 0.006250 0.015625
0 0.968750 0.017188 0.006250 0.015625
0 0.968750 0.032813 0.006250 0.015625
0 0.970313 0.048438 0.006250 0.015625
0 0.968750 0.064062 0.006250 0.015625
0 0.970313 0.081250 0.006250 0.015625
0 0.970313 0.095312 0.006250 0.015625
0 0.968750 0.110937 0.006250 0.015625
0 0.970313 0.126562 0.006250 0.015625
0 0.970313 0.142187 0.006250 0.015625
0 0.970313 0.157812 0.006250 0.015625
0 0.970313 0.173437 0.006250 0.015625
0 0.970313 0.189062 0.006250 0.015625
0 0.970313 0.204687 0.006250 0.015625
0 0.970313 0.220312 0.006250 0.015625
0 0.970313 0.235937 0.006250 0.015625
0 0.970313 0.251563 0.006250 0.015625
0 0.970313 0.267188 0.006250 0.015625
0 0.970313 0.284375 0.006250 0.015625
0 0.970313 0.298438 0.006250 0.015625
0 0.970313 0.314063 0.006250 0.015625
0 0.970313 0.329688 0.006250 0.015625
0 0.970313 0.345313 0.006250 0.015625
0 0.968750 0.360938 0.006250 0.015625
0 0.970313 0.378125 0.006250 0.015625
0 0.970313 0.392188 0.006250 0.015625
0 0.970313 0.407813 0.006250 0.015625
0 0.970313 0.423438 0.006250 0.015625
0 0.968750 0.439063 0.006250 0.015625
0 0.968750 0.454688 0.006250 0.015625
0 0.968750 0.470313 0.006250 0.015625
0 0.968750 0.487500 0.006250 0.015625
0 0.970313 0.501563 0.006250 0.015625
0 0.970313 0.518750 0.006250 0.015625
0 0.970313 0.532813 0.006250 0.015625
0 0.968750 0.548438 0.006250 0.015625
0 0.970313 0.564063 0.006250 0.015625
0 0.968750 0.579688 0.006250 0.015625
0 0.968750 0.595313 0.006250 0.015625
0 0.968750 0.610938 0.006250 0.015625
0 0.985938 0.017188 0.006250 0.015625
0 0.985938 0.032813 0.006250 0.015625
0 0.985938 0.050000 0.006250 0.015625
0 0.985938 0.064062 0.006250 0.015625
0 0.985938 0.079687 0.006250 0.015625
0 0.985938 0.095312 0.006250 0.015625
0 0.985938 0.110937 0.006250 0.015625
0 0.984375 0.126562 0.006250 0.015625
0 0.984375 0.142187 0.006250 0.015625
0 0.984375 0.157812 0.006250 0.015625
0 0.985938 0.173437 0.006250 0.015625
0 0.985938 0.189062 0.006250 0.015625
0 0.985938 0.204687 0.006250 0.015625
0 0.985938 0.220312 0.006250 0.015625
0 0.984375 0.235937 0.006250 0.015625
0 0.984375 0.251563 0.006250 0.015625
0 0.985938 0.268750 0.006250 0.015625
0 0.984375 0.282813 0.006250 0.015625
0 0.985938 0.298438 0.006250 0.015625
0 0.985938 0.314063 0.006250 0.015625
0 0.985938 0.329688 0.006250 0.015625
0 0.984375 0.345313 0.006250 0.015625
0 0.984375 0.360938 0.006250 0.015625
0 0.984375 0.378125 0.006250 0.015625
0 0.985938 0.392188 0.006250 0.015625
0 0.984375 0.407813 0.006250 0.015625
0 0.985938 0.423438 0.006250 0.015625
0 0.985938 0.439063 0.006250 0.015625
0 0.984375 0.454688 0.006250 0.015625
0 0.984375 0.470313 0.006250 0.015625
0 0.985938 0.485938 0.006250 0.015625
0 0.984375 0.501563 0.006250 0.015625
0 0.984375 0.517188 0.006250 0.015625
0 0.984375 0.532813 0.006250 0.015625
0 0.984375 0.548438 0.006250 0.015625
0 0.985938 0.564063 0.006250 0.015625
0 0.984375 0.579688 0.006250 0.015625
0 0.985938 0.595313 0.006250 0.015625
0 0.985938 0.610938 0.006250 0.015625
