0 0.079687 0.017188 0.006250 0.015625
0 0.281250 0.031250 0.006250 0.015625
0 0.281250 0.046875 0.006250 0.015625
0 0.468750 0.062500 0.006250 0.015625
0 0.828125 0.126562 0.006250 0.015625
0 0.828125 0.142187 0.006250 0.015625
0 0.765625 0.156250 0.006250 0.015625
0 0.765625 0.171875 0.006250 0.015625
0 0.468750 0.312500 0.006250 0.015625
0 0.468750 0.328125 0.006250 0.015625
0 0.843750 0.454688 0.006250 0.015625
0 0.843750 0.470313 0.006250 0.015625
0 0.890625 0.610938 0.006250 0.015625
0 0.890625 0.845313 0.006250 0.015625
0 0.001563 0.017188 0.006250 0.015625
0 0.001563 0.032813 0.006250 0.015625
0 0.001563 0.048438 0.006250 0.015625
0 0.001563 0.064062 0.006250 0.015625
0 0.001563 0.079687 0.006250 0.015625
0 0.001563 0.095312 0.006250 0.015625
0 0.001563 0.110937 0.006250 0.015625
0 0.001563 0.126562 0.006250 0.015625
0 0.001563 0.142187 0.006250 0.015625
0 0.001563 0.157812 0.006250 0.015625
0 0.001563 0.175000 0.006250 0.015625
0 0.001563 0.189062 0.006250 0.015625
0 0.001563 0.204687 0.006250 0.015625
0 0.001563 0.220312 0.006250 0.015625
0 0.001563 0.237500 0.006250 0.015625
0 0.001563 0.251563 0.006250 0.015625
0 0.001563 0.267188 0.006250 0.015625
0 0.001563 0.282813 0.006250 0.015625
0 0.001563 0.298438 0.006250 0.015625
0 0.001563 0.314063 0.006250 0.015625
0 0.001563 0.329688 0.006250 0.015625
0 0.001563 0.345313 0.006250 0.015625
0 0.001563 0.362500 0.006250 0.015625
0 0.001563 0.376563 0.006250 0.015625
0 0.001563 0.392188 0.006250 0.015625
0 0.001563 0.407813 0.006250 0.015625
0 0.001563 0.423438 0.006250 0.015625
0 0.001563 0.439063 0.006250 0.015625
0 0.001563 0.454688 0.006250 0.015625
0 0.001563 0.470313 0.006250 0.015625
0 0.001563 0.485938 0.006250 0.015625
0 0.001563 0.501563 0.006250 0.015625
0 0.001563 0.518750 0.006250 0.015625
0 0.001563 0.534375 0.006250 0.015625
0 0.001563 0.548438 0.006250 0.015625
0 0.001563 0.564063 0.006250 0.015625
0 0.001563 0.581250 0.006250 0.015625
0 0.001563 0.595313 0.006250 0.015625
0 0.001563 0.612500 0.006250 0.015625
0 0.017188 0.017188 0.006250 0.015625
0 0.017188 0.032813 0.006250 0.015625
0 0.017188 0.048438 0.006250 0.015625
0 0.015625 0.065625 0.006250 0.015625
0 0.017188 0.081250 0.006250 0.015625
0 0.017188 0.096875 0.006250 0.015625
0 0.017188 0.110937 0.006250 0.015625
0 0.017188 0.126562 0.006250 0.015625
0 0.015625 0.142187 0.006250 0.015625
0 0.017188 0.159375 0.006250 0.015625
0 0.017188 0.173437 0.006250 0.015625
0 0.015625 0.189062 0.006250 0.015625
0 0.017188 0.204687 0.006250 0.015625
0 0.017188 0.220312 0.006250 0.015625
0 0.017188 0.235937 0.006250 0.015625
0 0.017188 0.251563 0.006250 0.015625
0 0.017188 0.268750 0.006250 0.015625
0 0.017188 0.284375 0.006250 0.015625
0 0.017188 0.298438 0.006250 0.015625
0 0.017188 0.315625 0.006250 0.015625
0 0.015625 0.329688 0.006250 0.015625
0 0.017188 0.345313 0.006250 0.015625
0 0.017188 0.362500 0.006250 0.015625
0 0.017188 0.376563 0.006250 0.015625
0 0.017188 0.393750 0.006250 0.015625
0 0.017188 0.407813 0.006250 0.015625
0 0.017188 0.423438 0.006250 0.015625
0 0.017188 0.439063 0.006250 0.015625
0 0.017188 0.454688 0.006250 0.015625
0 0.017188 0.470313 0.006250 0.015625
0 0.017188 0.485938 0.006250 0.015625
0 0.017188 0.501563 0.006250 0.015625
0 0.017188 0.518750 0.006250 0.015625
0 0.017188 0.534375 0.006250 0.015625
0 0.017188 0.548438 0.006250 0.015625
0 0.015625 0.565625 0.006250 0.015625
0 0.017188 0.579688 0.006250 0.015625
0 0.017188 0.596875 0.006250 0.015625
0 0.017188 0.612500 0.006250 0.015625
0 0.031250 0.017188 0.006250 0.015625
0 0.032813 0.034375 0.006250 0.015625
0 0.032813 0.048438 0.006250 0.015625
0 0.032813 0.064062 0.006250 0.015625
0 0.032813 0.079687 0.006250 0.015625
0 0.032813 0.095312 0.006250 0.015625
0 0.032813 0.112500 0.006250 0.015625
0 0.032813 0.128125 0.006250 0.015625
0 0.032813 0.143750 0.006250 0.015625
0 0.032813 0.157812 0.006250 0.015625
0 0.032813 0.173437 0.006250 0.015625
0 0.032813 0.190625 0.006250 0.015625
0 0.032813 0.204687 0.006250 0.015625
0 0.032813 0.221875 0.006250 0.015625
0 0.031250 0.235937 0.006250 0.015625
0 0.032813 0.253125 0.006250 0.015625
0 0.032813 0.267188 0.006250 0.015625
0 0.032813 0.284375 0.006250 0.015625
0 0.031250 0.298438 0.006250 0.015625
0 0.031250 0.314063 0.006250 0.015625
0 0.032813 0.331250 0.006250 0.015625
0 0.032813 0.345313 0.006250 0.015625
0 0.031250 0.362500 0.006250 0.015625
0 0.031250 0.376563 0.006250 0.015625
0 0.032813 0.393750 0.006250 0.015625
0 0.032813 0.409375 0.006250 0.015625
0 0.032813 0.423438 0.006250 0.015625
0 0.031250 0.440625 0.006250 0.015625
0 0.031250 0.454688 0.006250 0.015625
0 0.032813 0.470313 0.006250 0.015625
0 0.032813 0.485938 0.006250 0.015625
0 0.032813 0.501563 0.006250 0.015625
0 0.032813 0.517188 0.006250 0.015625
0 0.032813 0.534375 0.006250 0.015625
0 0.032813 0.548438 0.006250 0.015625
0 0.031250 0.565625 0.006250 0.015625
0 0.032813 0.579688 0.006250 0.015625
0 0.032813 0.595313 0.006250 0.015625
0 0.032813 0.610938 0.006250 0.015625
0 0.048438 0.017188 0.006250 0.015625
0 0.048438 0.032813 0.006250 0.015625
0 0.048438 0.048438 0.006250 0.015625
0 0.048438 0.064062 0.006250 0.015625
0 0.048438 0.079687 0.006250 0.015625
0 0.048438 0.095312 0.006250 0.015625
0 0.048438 0.110937 0.006250 0.015625
0 0.048438 0.126562 0.006250 0.015625
0 0.048438 0.142187 0.006250 0.015625
0 0.048438 0.159375 0.006250 0.015625
0 0.048438 0.173437 0.006250 0.015625
0 0.046875 0.189062 0.006250 0.015625
0 0.048438 0.204687 0.006250 0.015625
0 0.048438 0.221875 0.006250 0.015625
0 0.048438 0.235937 0.006250 0.015625
0 0.046875 0.251563 0.006250 0.015625
0 0.048438 0.267188 0.006250 0.015625
0 0.048438 0.284375 0.006250 0.015625
0 0.048438 0.298438 0.006250 0.015625
0 0.048438 0.314063 0.006250 0.015625
0 0.048438 0.329688 0.006250 0.015625
0 0.048438 0.345313 0.006250 0.015625
0 0.048438 0.360938 0.006250 0.015625
0 0.048438 0.376563 0.006250 0.015625
0 0.048438 0.393750 0.006250 0.015625
0 0.048438 0.407813 0.006250 0.015625
0 0.048438 0.423438 0.006250 0.015625
0 0.046875 0.439063 0.006250 0.015625
0 0.048438 0.454688 0.006250 0.015625
0 0.046875 0.470313 0.006250 0.015625
0 0.046875 0.485938 0.006250 0.015625
0 0.048438 0.501563 0.006250 0.015625
0 0.046875 0.517188 0.006250 0.015625
0 0.048438 0.534375 0.006250 0.015625
0 0.046875 0.548438 0.006250 0.015625
0 0.048438 0.564063 0.006250 0.015625
0 0.046875 0.579688 0.006250 0.015625
0 0.046875 0.595313 0.006250 0.015625
0 0.048438 0.610938 0.006250 0.015625
0 0.062500 0.018750 0.006250 0.015625
0 0.064062 0.034375 0.006250 0.015625
0 0.064062 0.048438 0.006250 0.015625
0 0.062500 0.064062 0.006250 0.015625
0 0.064062 0.079687 0.006250 0.015625
0 0.064062 0.095312 0.006250 0.015625
0 0.064062 0.110937 0.006250 0.015625
0 0.064062 0.126562 0.006250 0.015625
0 0.064062 0.142187 0.006250 0.015625
0 0.064062 0.159375 0.006250 0.015625
0 0.064062 0.173437 0.006250 0.015625
0 0.064062 0.189062 0.006250 0.015625
0 0.064062 0.204687 0.006250 0.015625
0 0.064062 0.221875 0.006250 0.015625
0 0.064062 0.237500 0.006250 0.015625
0 0.064062 0.253125 0.006250 0.015625
0 0.064062 0.268750 0.006250 0.015625
0 0.064062 0.284375 0.006250 0.015625
0 0.064062 0.298438 0.006250 0.015625
0 0.064062 0.314063 0.006250 0.015625
0 0.064062 0.329688 0.006250 0.015625
0 0.064062 0.345313 0.006250 0.015625
0 0.064062 0.360938 0.006250 0.015625
0 0.064062 0.376563 0.006250 0.015625
0 0.062500 0.392188 0.006250 0.015625
0 0.062500 0.409375 0.006250 0.015625
0 0.064062 0.425000 0.006250 0.015625
0 0.064062 0.439063 0.006250 0.015625
0 0.062500 0.454688 0.006250 0.015625
0 0.064062 0.470313 0.006250 0.015625
0 0.064062 0.485938 0.006250 0.015625
0 0.064062 0.501563 0.006250 0.015625
0 0.062500 0.518750 0.006250 0.015625
0 0.064062 0.534375 0.006250 0.015625
0 0.064062 0.548438 0.006250 0.015625
0 0.064062 0.564063 0.006250 0.015625
0 0.064062 0.579688 0.006250 0.015625
0 0.064062 0.596875 0.006250 0.015625
0 0.064062 0.612500 0.006250 0.015625
0 0.079687 0.032813 0.006250 0.015625
0 0.079687 0.048438 0.006250 0.015625
0 0.079687 0.064062 0.006250 0.015625
0 0.079687 0.079687 0.006250 0.015625
0 0.079687 0.096875 0.006250 0.015625
0 0.078125 0.110937 0.006250 0.015625
0 0.079687 0.126562 0.006250 0.015625
0 0.079687 0.143750 0.006250 0.015625
0 0.079687 0.157812 0.006250 0.015625
0 0.079687 0.173437 0.006250 0.015625
0 0.079687 0.189062 0.006250 0.015625
0 0.079687 0.204687 0.006250 0.015625
0 0.079687 0.220312 0.006250 0.015625
0 0.079687 0.235937 0.006250 0.015625
0 0.079687 0.251563 0.006250 0.015625
0 0.079687 0.267188 0.006250 0.015625
0 0.079687 0.282813 0.006250 0.015625
0 0.079687 0.300000 0.006250 0.015625
0 0.079687 0.314063 0.006250 0.015625
0 0.079687 0.331250 0.006250 0.015625
0 0.078125 0.346875 0.006250 0.015625
0 0.078125 0.360938 0.006250 0.015625
0 0.078125 0.376563 0.006250 0.015625
0 0.079687 0.392188 0.006250 0.015625
0 0.079687 0.407813 0.006250 0.015625
0 0.078125 0.423438 0.006250 0.015625
0 0.078125 0.439063 0.006250 0.015625
0 0.079687 0.454688 0.006250 0.015625
0 0.078125 0.470313 0.006250 0.015625
0 0.079687 0.485938 0.006250 0.015625
0 0.079687 0.501563 0.006250 0.015625
0 0.079687 0.517188 0.006250 0.015625
0 0.079687 0.534375 0.006250 0.015625
0 0.078125 0.548438 0.006250 0.015625
0 0.079687 0.564063 0.006250 0.015625
0 0.079687 0.581250 0.006250 0.015625
0 0.079687 0.595313 0.006250 0.015625
0 0.079687 0.610938 0.006250 0.015625
0 0.095312 0.017188 0.006250 0.015625
0 0.095312 0.032813 0.006250 0.015625
0 0.093750 0.050000 0.006250 0.015625
0 0.095312 0.065625 0.006250 0.015625
0 0.095312 0.079687 0.006250 0.015625
0 0.095312 0.095312 0.006250 0.015625
0 0.095312 0.110937 0.006250 0.015625
0 0.095312 0.128125 0.006250 0.015625
0 0.095312 0.142187 0.006250 0.015625
0 0.095312 0.157812 0.006250 0.015625
0 0.095312 0.175000 0.006250 0.015625
0 0.095312 0.190625 0.006250 0.015625
0 0.095312 0.204687 0.006250 0.015625
0 0.095312 0.221875 0.006250 0.015625
0 0.095312 0.235937 0.006250 0.015625
0 0.095312 0.251563 0.006250 0.015625
0 0.095312 0.267188 0.006250 0.015625
0 0.095312 0.282813 0.006250 0.015625
0 0.095312 0.298438 0.006250 0.015625
0 0.093750 0.315625 0.006250 0.015625
0 0.095312 0.329688 0.006250 0.015625
0 0.095312 0.345313 0.006250 0.015625
0 0.095312 0.360938 0.006250 0.015625
0 0.095312 0.376563 0.006250 0.015625
0 0.095312 0.392188 0.006250 0.015625
0 0.095312 0.407813 0.006250 0.015625
0 0.095312 0.423438 0.006250 0.015625
0 0.095312 0.439063 0.006250 0.015625
0 0.095312 0.454688 0.006250 0.015625
0 0.095312 0.470313 0.006250 0.015625
0 0.095312 0.485938 0.006250 0.015625
0 0.095312 0.501563 0.006250 0.015625
0 0.095312 0.517188 0.006250 0.015625
0 0.095312 0.534375 0.006250 0.015625
0 0.093750 0.548438 0.006250 0.015625
0 0.095312 0.565625 0.006250 0.015625
0 0.095312 0.579688 0.006250 0.015625
0 0.095312 0.595313 0.006250 0.015625
0 0.095312 0.612500 0.006250 0.015625
0 0.110937 0.017188 0.006250 0.015625
0 0.109375 0.034375 0.006250 0.015625
0 0.110937 0.048438 0.006250 0.015625
0 0.110937 0.064062 0.006250 0.015625
0 0.110937 0.079687 0.006250 0.015625
0 0.110937 0.095312 0.006250 0.015625
0 0.110937 0.112500 0.006250 0.015625
0 0.110937 0.128125 0.006250 0.015625
0 0.110937 0.142187 0.006250 0.015625
0 0.110937 0.157812 0.006250 0.015625
0 0.110937 0.175000 0.006250 0.015625
0 0.110937 0.190625 0.006250 0.015625
0 0.110937 0.206250 0.006250 0.015625
0 0.110937 0.220312 0.006250 0.015625
0 0.110937 0.235937 0.006250 0.015625
0 0.110937 0.253125 0.006250 0.015625
0 0.110937 0.267188 0.006250 0.015625
0 0.109375 0.282813 0.006250 0.015625
0 0.109375 0.300000 0.006250 0.015625
0 0.110937 0.315625 0.006250 0.015625
0 0.110937 0.329688 0.006250 0.015625
0 0.110937 0.346875 0.006250 0.015625
0 0.110937 0.360938 0.006250 0.015625
0 0.110937 0.376563 0.006250 0.015625
0 0.110937 0.392188 0.006250 0.015625
0 0.110937 0.407813 0.006250 0.015625
0 0.110937 0.423438 0.006250 0.015625
0 0.110937 0.439063 0.006250 0.015625
0 0.109375 0.454688 0.006250 0.015625
0 0.110937 0.471875 0.006250 0.015625
0 0.110937 0.485938 0.006250 0.015625
0 0.110937 0.503125 0.006250 0.015625
0 0.110937 0.517188 0.006250 0.015625
0 0.109375 0.534375 0.006250 0.015625
0 0.110937 0.550000 0.006250 0.015625
0 0.110937 0.565625 0.006250 0.015625
0 0.110937 0.579688 0.006250 0.015625
0 0.110937 0.596875 0.006250 0.015625
0 0.110937 0.610938 0.006250 0.015625
0 0.126562 0.017188 0.006250 0.015625
0 0.126562 0.032813 0.006250 0.015625
0 0.126562 0.048438 0.006250 0.015625
0 0.126562 0.064062 0.006250 0.015625
0 0.125000 0.079687 0.006250 0.015625
0 0.126562 0.095312 0.006250 0.015625
0 0.126562 0.110937 0.006250 0.015625
0 0.126562 0.128125 0.006250 0.015625
0 0.126562 0.142187 0.006250 0.015625
0 0.126562 0.159375 0.006250 0.015625
0 0.126562 0.173437 0.006250 0.015625
0 0.126562 0.189062 0.006250 0.015625
0 0.126562 0.204687 0.006250 0.015625
0 0.126562 0.220312 0.006250 0.015625
0 0.126562 0.235937 0.006250 0.015625
0 0.126562 0.251563 0.006250 0.015625
0 0.126562 0.267188 0.006250 0.015625
0 0.126562 0.282813 0.006250 0.015625
0 0.126562 0.298438 0.006250 0.015625
0 0.126562 0.314063 0.006250 0.015625
0 0.126562 0.329688 0.006250 0.015625
0 0.126562 0.346875 0.006250 0.015625
0 0.126562 0.360938 0.006250 0.015625
0 0.125000 0.376563 0.006250 0.015625
0 0.125000 0.392188 0.006250 0.015625
0 0.126562 0.407813 0.006250 0.015625
0 0.126562 0.423438 0.006250 0.015625
0 0.126562 0.439063 0.006250 0.015625
0 0.126562 0.454688 0.006250 0.015625
0 0.126562 0.470313 0.006250 0.015625
0 0.126562 0.487500 0.006250 0.015625
0 0.126562 0.501563 0.006250 0.015625
0 0.126562 0.518750 0.006250 0.015625
0 0.126562 0.532813 0.006250 0.015625
0 0.126562 0.548438 0.006250 0.015625
0 0.126562 0.564063 0.006250 0.015625
0 0.126562 0.579688 0.006250 0.015625
0 0.125000 0.595313 0.006250 0.015625
0 0.126562 0.612500 0.006250 0.015625
0 0.142187 0.017188 0.006250 0.015625
0 0.142187 0.032813 0.006250 0.015625
0 0.142187 0.048438 0.006250 0.015625
0 0.142187 0.064062 0.006250 0.015625
0 0.142187 0.081250 0.006250 0.015625
0 0.142187 0.095312 0.006250 0.015625
0 0.142187 0.110937 0.006250 0.015625
0 0.142187 0.128125 0.006250 0.015625
0 0.142187 0.142187 0.006250 0.015625
0 0.142187 0.159375 0.006250 0.015625
0 0.142187 0.175000 0.006250 0.015625
0 0.142187 0.190625 0.006250 0.015625
0 0.142187 0.204687 0.006250 0.015625
0 0.142187 0.220312 0.006250 0.015625
0 0.142187 0.235937 0.006250 0.015625
0 0.142187 0.251563 0.006250 0.015625
0 0.142187 0.268750 0.006250 0.015625
0 0.142187 0.284375 0.006250 0.015625
0 0.142187 0.298438 0.006250 0.015625
0 0.142187 0.315625 0.006250 0.015625
0 0.142187 0.329688 0.006250 0.015625
0 0.142187 0.345313 0.006250 0.015625
0 0.142187 0.360938 0.006250 0.015625
0 0.140625 0.376563 0.006250 0.015625
0 0.140625 0.393750 0.006250 0.015625
0 0.142187 0.409375 0.006250 0.015625
0 0.140625 0.423438 0.006250 0.015625
0 0.142187 0.439063 0.006250 0.015625
0 0.142187 0.454688 0.006250 0.015625
0 0.142187 0.470313 0.006250 0.015625
0 0.140625 0.485938 0.006250 0.015625
0 0.140625 0.501563 0.006250 0.015625
0 0.142187 0.517188 0.006250 0.015625
0 0.142187 0.534375 0.006250 0.015625
0 0.142187 0.548438 0.006250 0.015625
0 0.140625 0.564063 0.006250 0.015625
0 0.142187 0.579688 0.006250 0.015625
0 0.142187 0.596875 0.006250 0.015625
0 0.142187 0.610938 0.006250 0.015625
0 0.156250 0.017188 0.006250 0.015625
0 0.156250 0.034375 0.006250 0.015625
0 0.157812 0.048438 0.006250 0.015625
0 0.157812 0.064062 0.006250 0.015625
0 0.156250 0.081250 0.006250 0.015625
0 0.157812 0.096875 0.006250 0.015625
0 0.157812 0.110937 0.006250 0.015625
0 0.157812 0.128125 0.006250 0.015625
0 0.156250 0.142187 0.006250 0.015625
0 0.157812 0.159375 0.006250 0.015625
0 0.157812 0.173437 0.006250 0.015625
0 0.156250 0.189062 0.006250 0.015625
0 0.157812 0.204687 0.006250 0.015625
0 0.157812 0.220312 0.006250 0.015625
0 0.157812 0.235937 0.006250 0.015625
0 0.157812 0.253125 0.006250 0.015625
0 0.157812 0.267188 0.006250 0.015625
0 0.157812 0.282813 0.006250 0.015625
0 0.157812 0.298438 0.006250 0.015625
0 0.157812 0.315625 0.006250 0.015625
0 0.157812 0.331250 0.006250 0.015625
0 0.157812 0.346875 0.006250 0.015625
0 0.156250 0.362500 0.006250 0.015625
0 0.157812 0.376563 0.006250 0.015625
0 0.156250 0.392188 0.006250 0.015625
0 0.156250 0.409375 0.006250 0.015625
0 0.157812 0.423438 0.006250 0.015625
0 0.157812 0.439063 0.006250 0.015625
0 0.157812 0.454688 0.006250 0.015625
0 0.157812 0.470313 0.006250 0.015625
0 0.157812 0.485938 0.006250 0.015625
0 0.156250 0.501563 0.006250 0.015625
0 0.157812 0.517188 0.006250 0.015625
0 0.157812 0.534375 0.006250 0.015625
0 0.156250 0.550000 0.006250 0.015625
0 0.156250 0.565625 0.006250 0.015625
0 0.157812 0.579688 0.006250 0.015625
0 0.157812 0.596875 0.006250 0.015625
0 0.157812 0.612500 0.006250 0.015625
0 0.173437 0.017188 0.006250 0.015625
0 0.173437 0.032813 0.006250 0.015625
0 0.173437 0.048438 0.006250 0.015625
0 0.173437 0.064062 0.006250 0.015625
0 0.173437 0.081250 0.006250 0.015625
0 0.173437 0.095312 0.006250 0.015625
0 0.171875 0.112500 0.006250 0.015625
0 0.173437 0.126562 0.006250 0.015625
0 0.173437 0.142187 0.006250 0.015625
0 0.173437 0.157812 0.006250 0.015625
0 0.173437 0.175000 0.006250 0.015625
0 0.173437 0.190625 0.006250 0.015625
0 0.173437 0.206250 0.006250 0.015625
0 0.173437 0.220312 0.006250 0.015625
0 0.173437 0.235937 0.006250 0.015625
0 0.173437 0.253125 0.006250 0.015625
0 0.173437 0.268750 0.006250 0.015625
0 0.173437 0.284375 0.006250 0.015625
0 0.173437 0.300000 0.006250 0.015625
0 0.173437 0.314063 0.006250 0.015625
0 0.173437 0.329688 0.006250 0.015625
0 0.173437 0.345313 0.006250 0.015625
0 0.173437 0.362500 0.006250 0.015625
0 0.173437 0.378125 0.006250 0.015625
0 0.171875 0.392188 0.006250 0.015625
0 0.173437 0.407813 0.006250 0.015625
0 0.173437 0.423438 0.006250 0.015625
0 0.173437 0.440625 0.006250 0.015625
0 0.173437 0.456250 0.006250 0.015625
0 0.173437 0.471875 0.006250 0.015625
0 0.173437 0.485938 0.006250 0.015625
0 0.173437 0.501563 0.006250 0.015625
0 0.173437 0.518750 0.006250 0.015625
0 0.171875 0.534375 0.006250 0.015625
0 0.171875 0.550000 0.006250 0.015625
0 0.171875 0.564063 0.006250 0.015625
0 0.171875 0.581250 0.006250 0.015625
0 0.171875 0.595313 0.006250 0.015625
0 0.173437 0.612500 0.006250 0.015625
0 0.187500 0.015625 0.006250 0.015625
0 0.187500 0.031250 0.006250 0.015625
0 0.189062 0.046875 0.006250 0.015625
0 0.189062 0.062500 0.006250 0.015625
0 0.189062 0.078125 0.006250 0.015625
0 0.189062 0.093750 0.006250 0.015625
0 0.189062 0.109375 0.006250 0.015625
0 0.189062 0.125000 0.006250 0.015625
0 0.189062 0.140625 0.006250 0.015625
0 0.189062 0.156250 0.006250 0.015625
0 0.189062 0.171875 0.006250 0.015625
0 0.189062 0.187500 0.006250 0.015625
0 0.189062 0.203125 0.006250 0.015625
0 0.189062 0.218750 0.006250 0.015625
0 0.189062 0.234375 0.006250 0.015625
0 0.189062 0.250000 0.006250 0.015625
0 0.189062 0.265625 0.006250 0.015625
0 0.189062 0.281250 0.006250 0.015625
0 0.187500 0.296875 0.006250 0.015625
0 0.187500 0.312500 0.006250 0.015625
0 0.189062 0.328125 0.006250 0.015625
0 0.187500 0.343750 0.006250 0.015625
0 0.187500 0.359375 0.006250 0.015625
0 0.189062 0.375000 0.006250 0.015625
0 0.189062 0.390625 0.006250 0.015625
0 0.189062 0.406250 0.006250 0.015625
0 0.189062 0.421875 0.006250 0.015625
0 0.189062 0.437500 0.006250 0.015625
0 0.189062 0.453125 0.006250 0.015625
0 0.187500 0.468750 0.006250 0.015625
0 0.187500 0.484375 0.006250 0.015625
0 0.189062 0.500000 0.006250 0.015625
0 0.187500 0.515625 0.006250 0.015625
0 0.187500 0.531250 0.006250 0.015625
0 0.189062 0.548438 0.006250 0.015625
0 0.189062 0.564063 0.006250 0.015625
0 0.187500 0.578125 0.006250 0.015625
0 0.187500 0.593750 0.006250 0.015625
0 0.189062 0.609375 0.006250 0.015625
0 0.203125 0.015625 0.006250 0.015625
0 0.203125 0.031250 0.006250 0.015625
0 0.203125 0.046875 0.006250 0.015625
0 0.203125 0.062500 0.006250 0.015625
0 0.203125 0.078125 0.006250 0.015625
0 0.203125 0.093750 0.006250 0.015625
0 0.204687 0.109375 0.006250 0.015625
0 0.204687 0.125000 0.006250 0.015625
0 0.203125 0.142187 0.006250 0.015625
0 0.204687 0.156250 0.006250 0.015625
0 0.204687 0.171875 0.006250 0.015625
0 0.203125 0.187500 0.006250 0.015625
0 0.203125 0.203125 0.006250 0.015625
0 0.203125 0.218750 0.006250 0.015625
0 0.203125 0.234375 0.006250 0.015625
0 0.204687 0.250000 0.006250 0.015625
0 0.203125 0.265625 0.006250 0.015625
0 0.203125 0.281250 0.006250 0.015625
0 0.203125 0.296875 0.006250 0.015625
0 0.203125 0.312500 0.006250 0.015625
0 0.203125 0.328125 0.006250 0.015625
0 0.204687 0.345313 0.006250 0.015625
0 0.203125 0.359375 0.006250 0.015625
0 0.203125 0.375000 0.006250 0.015625
0 0.204687 0.392188 0.006250 0.015625
0 0.203125 0.407813 0.006250 0.015625
0 0.203125 0.421875 0.006250 0.015625
0 0.203125 0.437500 0.006250 0.015625
0 0.203125 0.453125 0.006250 0.015625
0 0.203125 0.468750 0.006250 0.015625
0 0.203125 0.484375 0.006250 0.015625
0 0.203125 0.501563 0.006250 0.015625
0 0.203125 0.517188 0.006250 0.015625
0 0.203125 0.532813 0.006250 0.015625
0 0.203125 0.546875 0.006250 0.015625
0 0.203125 0.562500 0.006250 0.015625
0 0.203125 0.578125 0.006250 0.015625
0 0.204687 0.593750 0.006250 0.015625
0 0.203125 0.609375 0.006250 0.015625
0 0.218750 0.015625 0.006250 0.015625
0 0.218750 0.031250 0.006250 0.015625
0 0.218750 0.046875 0.006250 0.015625
0 0.218750 0.062500 0.006250 0.015625
0 0.218750 0.078125 0.006250 0.015625
0 0.220312 0.095312 0.006250 0.015625
0 0.218750 0.109375 0.006250 0.015625
0 0.218750 0.126562 0.006250 0.015625
0 0.218750 0.140625 0.006250 0.015625
0 0.218750 0.156250 0.006250 0.015625
0 0.218750 0.171875 0.006250 0.015625
0 0.218750 0.189062 0.006250 0.015625
0 0.218750 0.203125 0.006250 0.015625
0 0.220312 0.218750 0.006250 0.015625
0 0.218750 0.234375 0.006250 0.015625
0 0.218750 0.251563 0.006250 0.015625
0 0.218750 0.265625 0.006250 0.015625
0 0.218750 0.282813 0.006250 0.015625
0 0.218750 0.296875 0.006250 0.015625
0 0.218750 0.312500 0.006250 0.015625
0 0.218750 0.328125 0.006250 0.015625
0 0.220312 0.343750 0.006250 0.015625
0 0.218750 0.360938 0.006250 0.015625
0 0.218750 0.376563 0.006250 0.015625
0 0.218750 0.390625 0.006250 0.015625
0 0.220312 0.406250 0.006250 0.015625
0 0.220312 0.421875 0.006250 0.015625
0 0.220312 0.437500 0.006250 0.015625
0 0.220312 0.453125 0.006250 0.015625
0 0.218750 0.468750 0.006250 0.015625
0 0.220312 0.484375 0.006250 0.015625
0 0.220312 0.501563 0.006250 0.015625
0 0.220312 0.517188 0.006250 0.015625
0 0.220312 0.532813 0.006250 0.015625
0 0.218750 0.546875 0.006250 0.015625
0 0.218750 0.564063 0.006250 0.015625
0 0.218750 0.578125 0.006250 0.015625
0 0.218750 0.593750 0.006250 0.015625
0 0.218750 0.609375 0.006250 0.015625
0 0.234375 0.015625 0.006250 0.015625
0 0.234375 0.031250 0.006250 0.015625
0 0.234375 0.046875 0.006250 0.015625
0 0.234375 0.062500 0.006250 0.015625
0 0.234375 0.078125 0.006250 0.015625
0 0.234375 0.093750 0.006250 0.015625
0 0.234375 0.109375 0.006250 0.015625
0 0.234375 0.126562 0.006250 0.015625
0 0.234375 0.140625 0.006250 0.015625
0 0.234375 0.156250 0.006250 0.015625
0 0.234375 0.171875 0.006250 0.015625
0 0.234375 0.187500 0.006250 0.015625
0 0.234375 0.203125 0.006250 0.015625
0 0.234375 0.218750 0.006250 0.015625
0 0.234375 0.234375 0.006250 0.015625
0 0.234375 0.250000 0.006250 0.015625
0 0.234375 0.265625 0.006250 0.015625
0 0.234375 0.282813 0.006250 0.015625
0 0.234375 0.296875 0.006250 0.015625
0 0.234375 0.312500 0.006250 0.015625
0 0.234375 0.328125 0.006250 0.015625
0 0.234375 0.345313 0.006250 0.015625
0 0.234375 0.359375 0.006250 0.015625
0 0.234375 0.375000 0.006250 0.015625
0 0.234375 0.390625 0.006250 0.015625
0 0.234375 0.406250 0.006250 0.015625
0 0.234375 0.421875 0.006250 0.015625
0 0.234375 0.437500 0.006250 0.015625
0 0.234375 0.454688 0.006250 0.015625
0 0.234375 0.468750 0.006250 0.015625
0 0.234375 0.484375 0.006250 0.015625
0 0.234375 0.500000 0.006250 0.015625
0 0.234375 0.515625 0.006250 0.015625
0 0.234375 0.532813 0.006250 0.015625
0 0.234375 0.546875 0.006250 0.015625
0 0.234375 0.564063 0.006250 0.015625
0 0.234375 0.579688 0.006250 0.015625
0 0.234375 0.593750 0.006250 0.015625
0 0.234375 0.609375 0.006250 0.015625
0 0.250000 0.015625 0.006250 0.015625
0 0.250000 0.031250 0.006250 0.015625
0 0.250000 0.046875 0.006250 0.015625
0 0.250000 0.062500 0.006250 0.015625
0 0.250000 0.078125 0.006250 0.015625
0 0.250000 0.093750 0.006250 0.015625
0 0.250000 0.109375 0.006250 0.015625
0 0.250000 0.125000 0.006250 0.015625
0 0.250000 0.140625 0.006250 0.015625
0 0.250000 0.156250 0.006250 0.015625
0 0.250000 0.171875 0.006250 0.015625
0 0.250000 0.187500 0.006250 0.015625
0 0.250000 0.203125 0.006250 0.015625
0 0.250000 0.220312 0.006250 0.015625
0 0.250000 0.234375 0.006250 0.015625
0 0.250000 0.251563 0.006250 0.015625
0 0.250000 0.265625 0.006250 0.015625
0 0.250000 0.281250 0.006250 0.015625
0 0.250000 0.296875 0.006250 0.015625
0 0.250000 0.312500 0.006250 0.015625
0 0.250000 0.328125 0.006250 0.015625
0 0.250000 0.343750 0.006250 0.015625
0 0.250000 0.359375 0.006250 0.015625
0 0.250000 0.375000 0.006250 0.015625
0 0.250000 0.392188 0.006250 0.015625
0 0.250000 0.406250 0.006250 0.015625
0 0.250000 0.421875 0.006250 0.015625
0 0.250000 0.437500 0.006250 0.015625
0 0.250000 0.453125 0.006250 0.015625
0 0.250000 0.468750 0.006250 0.015625
0 0.250000 0.484375 0.006250 0.015625
0 0.250000 0.501563 0.006250 0.015625
0 0.250000 0.517188 0.006250 0.015625
0 0.250000 0.532813 0.006250 0.015625
0 0.250000 0.548438 0.006250 0.015625
0 0.250000 0.564063 0.006250 0.015625
0 0.250000 0.579688 0.006250 0.015625
0 0.250000 0.593750 0.006250 0.015625
0 0.251563 0.609375 0.006250 0.015625
0 0.265625 0.015625 0.006250 0.015625
0 0.265625 0.031250 0.006250 0.015625
0 0.265625 0.046875 0.006250 0.015625
0 0.265625 0.062500 0.006250 0.015625
0 0.265625 0.078125 0.006250 0.015625
0 0.265625 0.093750 0.006250 0.015625
0 0.265625 0.109375 0.006250 0.015625
0 0.265625 0.125000 0.006250 0.015625
0 0.265625 0.140625 0.006250 0.015625
0 0.265625 0.156250 0.006250 0.015625
0 0.265625 0.171875 0.006250 0.015625
0 0.265625 0.187500 0.006250 0.015625
0 0.265625 0.203125 0.006250 0.015625
0 0.265625 0.218750 0.006250 0.015625
0 0.265625 0.234375 0.006250 0.015625
0 0.265625 0.250000 0.006250 0.015625
0 0.265625 0.265625 0.006250 0.015625
0 0.265625 0.281250 0.006250 0.015625
0 0.265625 0.296875 0.006250 0.015625
0 0.265625 0.312500 0.006250 0.015625
0 0.265625 0.328125 0.006250 0.015625
0 0.265625 0.343750 0.006250 0.015625
0 0.265625 0.359375 0.006250 0.015625
0 0.265625 0.375000 0.006250 0.015625
0 0.265625 0.390625 0.006250 0.015625
0 0.265625 0.407813 0.006250 0.015625
0 0.265625 0.423438 0.006250 0.015625
0 0.265625 0.437500 0.006250 0.015625
0 0.265625 0.453125 0.006250 0.015625
0 0.265625 0.468750 0.006250 0.015625
0 0.265625 0.484375 0.006250 0.015625
0 0.265625 0.500000 0.006250 0.015625
0 0.265625 0.517188 0.006250 0.015625
0 0.265625 0.531250 0.006250 0.015625
0 0.265625 0.546875 0.006250 0.015625
0 0.265625 0.564063 0.006250 0.015625
0 0.265625 0.578125 0.006250 0.015625
0 0.265625 0.595313 0.006250 0.015625
0 0.265625 0.610938 0.006250 0.015625
0 0.281250 0.015625 0.006250 0.015625
0 0.281250 0.062500 0.006250 0.015625
0 0.281250 0.078125 0.006250 0.015625
0 0.281250 0.093750 0.006250 0.015625
0 0.281250 0.109375 0.006250 0.015625
0 0.281250 0.125000 0.006250 0.015625
0 0.281250 0.140625 0.006250 0.015625
0 0.281250 0.156250 0.006250 0.015625
0 0.281250 0.171875 0.006250 0.015625
0 0.281250 0.187500 0.006250 0.015625
0 0.281250 0.203125 0.006250 0.015625
0 0.281250 0.218750 0.006250 0.015625
0 0.281250 0.234375 0.006250 0.015625
0 0.281250 0.251563 0.006250 0.015625
0 0.281250 0.265625 0.006250 0.015625
0 0.281250 0.281250 0.006250 0.015625
0 0.281250 0.296875 0.006250 0.015625
0 0.281250 0.312500 0.006250 0.015625
0 0.281250 0.328125 0.006250 0.015625
0 0.281250 0.343750 0.006250 0.015625
0 0.281250 0.360938 0.006250 0.015625
0 0.281250 0.375000 0.006250 0.015625
0 0.281250 0.390625 0.006250 0.015625
0 0.281250 0.406250 0.006250 0.015625
0 0.281250 0.421875 0.006250 0.015625
0 0.281250 0.437500 0.006250 0.015625
0 0.281250 0.453125 0.006250 0.015625
0 0.281250 0.468750 0.006250 0.015625
0 0.281250 0.484375 0.006250 0.015625
0 0.281250 0.500000 0.006250 0.015625
0 0.281250 0.517188 0.006250 0.015625
0 0.281250 0.531250 0.006250 0.015625
0 0.281250 0.546875 0.006250 0.015625
0 0.281250 0.564063 0.006250 0.015625
0 0.281250 0.579688 0.006250 0.015625
0 0.281250 0.593750 0.006250 0.015625
0 0.281250 0.609375 0.006250 0.015625
0 0.296875 0.015625 0.006250 0.015625
0 0.296875 0.031250 0.006250 0.015625
0 0.296875 0.046875 0.006250 0.015625
0 0.296875 0.062500 0.006250 0.015625
0 0.298438 0.078125 0.006250 0.015625
0 0.296875 0.093750 0.006250 0.015625
0 0.296875 0.109375 0.006250 0.015625
0 0.296875 0.125000 0.006250 0.015625
0 0.296875 0.140625 0.006250 0.015625
0 0.296875 0.156250 0.006250 0.015625
0 0.296875 0.171875 0.006250 0.015625
0 0.296875 0.187500 0.006250 0.015625
0 0.296875 0.203125 0.006250 0.015625
0 0.296875 0.218750 0.006250 0.015625
0 0.296875 0.234375 0.006250 0.015625
0 0.296875 0.251563 0.006250 0.015625
0 0.296875 0.265625 0.006250 0.015625
0 0.296875 0.281250 0.006250 0.015625
0 0.296875 0.296875 0.006250 0.015625
0 0.296875 0.314063 0.006250 0.015625
0 0.296875 0.328125 0.006250 0.015625
0 0.296875 0.345313 0.006250 0.015625
0 0.296875 0.359375 0.006250 0.015625
0 0.296875 0.375000 0.006250 0.015625
0 0.296875 0.390625 0.006250 0.015625
0 0.296875 0.407813 0.006250 0.015625
0 0.296875 0.421875 0.006250 0.015625
0 0.296875 0.437500 0.006250 0.015625
0 0.296875 0.453125 0.006250 0.015625
0 0.296875 0.468750 0.006250 0.015625
0 0.296875 0.485938 0.006250 0.015625
0 0.296875 0.501563 0.006250 0.015625
0 0.296875 0.515625 0.006250 0.015625
0 0.296875 0.532813 0.006250 0.015625
0 0.296875 0.546875 0.006250 0.015625
0 0.296875 0.562500 0.006250 0.015625
0 0.296875 0.579688 0.006250 0.015625
0 0.296875 0.593750 0.006250 0.015625
0 0.296875 0.609375 0.006250 0.015625
0 0.312500 0.015625 0.006250 0.015625
0 0.312500 0.031250 0.006250 0.015625
0 0.312500 0.046875 0.006250 0.015625
0 0.312500 0.062500 0.006250 0.015625
0 0.312500 0.078125 0.006250 0.015625
0 0.312500 0.093750 0.006250 0.015625
0 0.312500 0.109375 0.006250 0.015625
0 0.312500 0.125000 0.006250 0.015625
0 0.312500 0.142187 0.006250 0.015625
0 0.312500 0.156250 0.006250 0.015625
0 0.312500 0.171875 0.006250 0.015625
0 0.312500 0.187500 0.006250 0.015625
0 0.312500 0.204687 0.006250 0.015625
0 0.312500 0.218750 0.006250 0.015625
0 0.312500 0.234375 0.006250 0.015625
0 0.312500 0.251563 0.006250 0.015625
0 0.312500 0.265625 0.006250 0.015625
0 0.312500 0.282813 0.006250 0.015625
0 0.312500 0.296875 0.006250 0.015625
0 0.312500 0.312500 0.006250 0.015625
0 0.312500 0.328125 0.006250 0.015625
0 0.312500 0.345313 0.006250 0.015625
0 0.312500 0.360938 0.006250 0.015625
0 0.312500 0.375000 0.006250 0.015625
0 0.312500 0.390625 0.006250 0.015625
0 0.312500 0.406250 0.006250 0.015625
0 0.312500 0.421875 0.006250 0.015625
0 0.312500 0.437500 0.006250 0.015625
0 0.312500 0.453125 0.006250 0.015625
0 0.312500 0.468750 0.006250 0.015625
0 0.312500 0.485938 0.006250 0.015625
0 0.312500 0.501563 0.006250 0.015625
0 0.312500 0.515625 0.006250 0.015625
0 0.312500 0.532813 0.006250 0.015625
0 0.312500 0.546875 0.006250 0.015625
0 0.312500 0.562500 0.006250 0.015625
0 0.312500 0.578125 0.006250 0.015625
0 0.312500 0.593750 0.006250 0.015625
0 0.312500 0.609375 0.006250 0.015625
0 0.328125 0.015625 0.006250 0.015625
0 0.328125 0.031250 0.006250 0.015625
0 0.328125 0.046875 0.006250 0.015625
0 0.328125 0.062500 0.006250 0.015625
0 0.328125 0.078125 0.006250 0.015625
0 0.328125 0.093750 0.006250 0.015625
0 0.328125 0.110937 0.006250 0.015625
0 0.328125 0.126562 0.006250 0.015625
0 0.328125 0.140625 0.006250 0.015625
0 0.328125 0.157812 0.006250 0.015625
0 0.328125 0.171875 0.006250 0.015625
0 0.328125 0.187500 0.006250 0.015625
0 0.328125 0.203125 0.006250 0.015625
0 0.328125 0.218750 0.006250 0.015625
0 0.328125 0.234375 0.006250 0.015625
0 0.328125 0.251563 0.006250 0.015625
0 0.328125 0.265625 0.006250 0.015625
0 0.328125 0.282813 0.006250 0.015625
0 0.328125 0.296875 0.006250 0.015625
0 0.328125 0.314063 0.006250 0.015625
0 0.328125 0.329688 0.006250 0.015625
0 0.328125 0.343750 0.006250 0.015625
0 0.328125 0.359375 0.006250 0.015625
0 0.328125 0.375000 0.006250 0.015625
0 0.328125 0.390625 0.006250 0.015625
0 0.328125 0.406250 0.006250 0.015625
0 0.328125 0.421875 0.006250 0.015625
0 0.328125 0.437500 0.006250 0.015625
0 0.328125 0.453125 0.006250 0.015625
0 0.328125 0.468750 0.006250 0.015625
0 0.328125 0.484375 0.006250 0.015625
0 0.328125 0.500000 0.006250 0.015625
0 0.328125 0.515625 0.006250 0.015625
0 0.328125 0.531250 0.006250 0.015625
0 0.328125 0.546875 0.006250 0.015625
0 0.328125 0.564063 0.006250 0.015625
0 0.328125 0.579688 0.006250 0.015625
0 0.328125 0.593750 0.006250 0.015625
0 0.328125 0.609375 0.006250 0.015625
0 0.343750 0.015625 0.006250 0.015625
0 0.343750 0.031250 0.006250 0.015625
0 0.343750 0.046875 0.006250 0.015625
0 0.343750 0.062500 0.006250 0.015625
0 0.343750 0.078125 0.006250 0.015625
0 0.343750 0.093750 0.006250 0.015625
0 0.343750 0.109375 0.006250 0.015625
0 0.343750 0.125000 0.006250 0.015625
0 0.343750 0.140625 0.006250 0.015625
0 0.343750 0.156250 0.006250 0.015625
0 0.343750 0.171875 0.006250 0.015625
0 0.343750 0.189062 0.006250 0.015625
0 0.343750 0.203125 0.006250 0.015625
0 0.343750 0.218750 0.006250 0.015625
0 0.343750 0.234375 0.006250 0.015625
0 0.343750 0.251563 0.006250 0.015625
0 0.343750 0.267188 0.006250 0.015625
0 0.343750 0.281250 0.006250 0.015625
0 0.343750 0.296875 0.006250 0.015625
0 0.343750 0.312500 0.006250 0.015625
0 0.343750 0.328125 0.006250 0.015625
0 0.343750 0.343750 0.006250 0.015625
0 0.343750 0.359375 0.006250 0.015625
0 0.343750 0.375000 0.006250 0.015625
0 0.343750 0.390625 0.006250 0.015625
0 0.343750 0.406250 0.006250 0.015625
0 0.343750 0.423438 0.006250 0.015625
0 0.343750 0.437500 0.006250 0.015625
0 0.343750 0.453125 0.006250 0.015625
0 0.343750 0.468750 0.006250 0.015625
0 0.343750 0.484375 0.006250 0.015625
0 0.343750 0.501563 0.006250 0.015625
0 0.343750 0.515625 0.006250 0.015625
0 0.343750 0.532813 0.006250 0.015625
0 0.343750 0.546875 0.006250 0.015625
0 0.343750 0.564063 0.006250 0.015625
0 0.343750 0.578125 0.006250 0.015625
0 0.343750 0.593750 0.006250 0.015625
0 0.343750 0.609375 0.006250 0.015625
0 0.359375 0.015625 0.006250 0.015625
0 0.359375 0.032813 0.006250 0.015625
0 0.359375 0.046875 0.006250 0.015625
0 0.359375 0.064062 0.006250 0.015625
0 0.359375 0.078125 0.006250 0.015625
0 0.359375 0.093750 0.006250 0.015625
0 0.359375 0.109375 0.006250 0.015625
0 0.360938 0.126562 0.006250 0.015625
0 0.359375 0.140625 0.006250 0.015625
0 0.359375 0.157812 0.006250 0.015625
0 0.359375 0.171875 0.006250 0.015625
0 0.359375 0.187500 0.006250 0.015625
0 0.359375 0.203125 0.006250 0.015625
0 0.359375 0.218750 0.006250 0.015625
0 0.359375 0.234375 0.006250 0.015625
0 0.359375 0.251563 0.006250 0.015625
0 0.359375 0.265625 0.006250 0.015625
0 0.359375 0.282813 0.006250 0.015625
0 0.359375 0.296875 0.006250 0.015625
0 0.359375 0.312500 0.006250 0.015625
0 0.359375 0.328125 0.006250 0.015625
0 0.359375 0.345313 0.006250 0.015625
0 0.359375 0.359375 0.006250 0.015625
0 0.359375 0.375000 0.006250 0.015625
0 0.359375 0.390625 0.006250 0.015625
0 0.359375 0.406250 0.006250 0.015625
0 0.359375 0.421875 0.006250 0.015625
0 0.359375 0.437500 0.006250 0.015625
0 0.359375 0.453125 0.006250 0.015625
0 0.359375 0.468750 0.006250 0.015625
0 0.359375 0.485938 0.006250 0.015625
0 0.359375 0.500000 0.006250 0.015625
0 0.359375 0.517188 0.006250 0.015625
0 0.359375 0.531250 0.006250 0.015625
0 0.359375 0.548438 0.006250 0.015625
0 0.359375 0.564063 0.006250 0.015625
0 0.359375 0.578125 0.006250 0.015625
0 0.359375 0.593750 0.006250 0.015625
0 0.359375 0.609375 0.006250 0.015625
0 0.375000 0.015625 0.006250 0.015625
0 0.375000 0.031250 0.006250 0.015625
0 0.375000 0.046875 0.006250 0.015625
0 0.375000 0.062500 0.006250 0.015625
0 0.375000 0.079687 0.006250 0.015625
0 0.375000 0.095312 0.006250 0.015625
0 0.375000 0.109375 0.006250 0.015625
0 0.375000 0.125000 0.006250 0.015625
0 0.375000 0.140625 0.006250 0.015625
0 0.375000 0.157812 0.006250 0.015625
0 0.375000 0.171875 0.006250 0.015625
0 0.375000 0.187500 0.006250 0.015625
0 0.375000 0.203125 0.006250 0.015625
0 0.375000 0.218750 0.006250 0.015625
0 0.375000 0.234375 0.006250 0.015625
0 0.375000 0.251563 0.006250 0.015625
0 0.375000 0.267188 0.006250 0.015625
0 0.375000 0.282813 0.006250 0.015625
0 0.375000 0.296875 0.006250 0.015625
0 0.375000 0.312500 0.006250 0.015625
0 0.375000 0.329688 0.006250 0.015625
0 0.375000 0.343750 0.006250 0.015625
0 0.375000 0.360938 0.006250 0.015625
0 0.375000 0.375000 0.006250 0.015625
0 0.375000 0.390625 0.006250 0.015625
0 0.375000 0.406250 0.006250 0.015625
0 0.375000 0.421875 0.006250 0.015625
0 0.375000 0.439063 0.006250 0.015625
0 0.375000 0.454688 0.006250 0.015625
0 0.375000 0.470313 0.006250 0.015625
0 0.375000 0.485938 0.006250 0.015625
0 0.375000 0.500000 0.006250 0.015625
0 0.375000 0.515625 0.006250 0.015625
0 0.375000 0.532813 0.006250 0.015625
0 0.375000 0.546875 0.006250 0.015625
0 0.375000 0.564063 0.006250 0.015625
0 0.375000 0.578125 0.006250 0.015625
0 0.375000 0.593750 0.006250 0.015625
0 0.375000 0.609375 0.006250 0.015625
0 0.390625 0.015625 0.006250 0.015625
0 0.390625 0.031250 0.006250 0.015625
0 0.390625 0.046875 0.006250 0.015625
0 0.390625 0.062500 0.006250 0.015625
0 0.390625 0.078125 0.006250 0.015625
0 0.390625 0.093750 0.006250 0.015625
0 0.390625 0.109375 0.006250 0.015625
0 0.390625 0.125000 0.006250 0.015625
0 0.390625 0.140625 0.006250 0.015625
0 0.390625 0.156250 0.006250 0.015625
0 0.390625 0.171875 0.006250 0.015625
0 0.390625 0.187500 0.006250 0.015625
0 0.390625 0.203125 0.006250 0.015625
0 0.390625 0.218750 0.006250 0.015625
0 0.390625 0.234375 0.006250 0.015625
0 0.390625 0.250000 0.006250 0.015625
0 0.390625 0.265625 0.006250 0.015625
0 0.390625 0.281250 0.006250 0.015625
0 0.390625 0.296875 0.006250 0.015625
0 0.390625 0.312500 0.006250 0.015625
0 0.390625 0.328125 0.006250 0.015625
0 0.390625 0.343750 0.006250 0.015625
0 0.390625 0.359375 0.006250 0.015625
0 0.390625 0.375000 0.006250 0.015625
0 0.390625 0.390625 0.006250 0.015625
0 0.390625 0.406250 0.006250 0.015625
0 0.390625 0.421875 0.006250 0.015625
0 0.390625 0.437500 0.006250 0.015625
0 0.390625 0.453125 0.006250 0.015625
0 0.390625 0.468750 0.006250 0.015625
0 0.390625 0.484375 0.006250 0.015625
0 0.390625 0.500000 0.006250 0.015625
0 0.390625 0.517188 0.006250 0.015625
0 0.390625 0.532813 0.006250 0.015625
0 0.390625 0.548438 0.006250 0.015625
0 0.390625 0.562500 0.006250 0.015625
0 0.390625 0.578125 0.006250 0.015625
0 0.390625 0.593750 0.006250 0.015625
0 0.390625 0.609375 0.006250 0.015625
0 0.406250 0.015625 0.006250 0.015625
0 0.406250 0.032813 0.006250 0.015625
0 0.406250 0.046875 0.006250 0.015625
0 0.406250 0.062500 0.006250 0.015625
0 0.406250 0.079687 0.006250 0.015625
0 0.406250 0.093750 0.006250 0.015625
0 0.406250 0.109375 0.006250 0.015625
0 0.406250 0.125000 0.006250 0.015625
0 0.406250 0.140625 0.006250 0.015625
0 0.406250 0.156250 0.006250 0.015625
0 0.406250 0.171875 0.006250 0.015625
0 0.406250 0.187500 0.006250 0.015625
0 0.406250 0.203125 0.006250 0.015625
0 0.406250 0.218750 0.006250 0.015625
0 0.406250 0.234375 0.006250 0.015625
0 0.406250 0.251563 0.006250 0.015625
0 0.406250 0.267188 0.006250 0.015625
0 0.406250 0.281250 0.006250 0.015625
0 0.406250 0.296875 0.006250 0.015625
0 0.406250 0.312500 0.006250 0.015625
0 0.406250 0.328125 0.006250 0.015625
0 0.406250 0.343750 0.006250 0.015625
0 0.406250 0.359375 0.006250 0.015625
0 0.406250 0.375000 0.006250 0.015625
0 0.406250 0.390625 0.006250 0.015625
0 0.406250 0.407813 0.006250 0.015625
0 0.406250 0.421875 0.006250 0.015625
0 0.406250 0.437500 0.006250 0.015625
0 0.406250 0.453125 0.006250 0.015625
0 0.406250 0.468750 0.006250 0.015625
0 0.406250 0.484375 0.006250 0.015625
0 0.406250 0.500000 0.006250 0.015625
0 0.406250 0.515625 0.006250 0.015625
0 0.406250 0.532813 0.006250 0.015625
0 0.406250 0.546875 0.006250 0.015625
0 0.406250 0.562500 0.006250 0.015625
0 0.406250 0.578125 0.006250 0.015625
0 0.406250 0.593750 0.006250 0.015625
0 0.406250 0.609375 0.006250 0.015625
0 0.421875 0.015625 0.006250 0.015625
0 0.421875 0.031250 0.006250 0.015625
0 0.421875 0.046875 0.006250 0.015625
0 0.421875 0.064062 0.006250 0.015625
0 0.421875 0.078125 0.006250 0.015625
0 0.421875 0.095312 0.006250 0.015625
0 0.421875 0.109375 0.006250 0.015625
0 0.421875 0.125000 0.006250 0.015625
0 0.421875 0.140625 0.006250 0.015625
0 0.421875 0.156250 0.006250 0.015625
0 0.421875 0.171875 0.006250 0.015625
0 0.421875 0.187500 0.006250 0.015625
0 0.421875 0.204687 0.006250 0.015625
0 0.421875 0.218750 0.006250 0.015625
0 0.421875 0.234375 0.006250 0.015625
0 0.421875 0.251563 0.006250 0.015625
0 0.421875 0.265625 0.006250 0.015625
0 0.421875 0.282813 0.006250 0.015625
0 0.421875 0.296875 0.006250 0.015625
0 0.421875 0.312500 0.006250 0.015625
0 0.421875 0.328125 0.006250 0.015625
0 0.421875 0.345313 0.006250 0.015625
0 0.421875 0.359375 0.006250 0.015625
0 0.421875 0.375000 0.006250 0.015625
0 0.421875 0.390625 0.006250 0.015625
0 0.421875 0.406250 0.006250 0.015625
0 0.421875 0.421875 0.006250 0.015625
0 0.421875 0.437500 0.006250 0.015625
0 0.421875 0.453125 0.006250 0.015625
0 0.421875 0.468750 0.006250 0.015625
0 0.421875 0.485938 0.006250 0.015625
0 0.421875 0.500000 0.006250 0.015625
0 0.421875 0.515625 0.006250 0.015625
0 0.421875 0.531250 0.006250 0.015625
0 0.421875 0.548438 0.006250 0.015625
0 0.421875 0.564063 0.006250 0.015625
0 0.421875 0.579688 0.006250 0.015625
0 0.421875 0.595313 0.006250 0.015625
0 0.421875 0.609375 0.006250 0.015625
0 0.437500 0.015625 0.006250 0.015625
0 0.437500 0.031250 0.006250 0.015625
0 0.437500 0.048438 0.006250 0.015625
0 0.437500 0.062500 0.006250 0.015625
0 0.437500 0.078125 0.006250 0.015625
0 0.437500 0.095312 0.006250 0.015625
0 0.437500 0.110937 0.006250 0.015625
0 0.437500 0.126562 0.006250 0.015625
0 0.437500 0.140625 0.006250 0.015625
0 0.437500 0.157812 0.006250 0.015625
0 0.437500 0.171875 0.006250 0.015625
0 0.437500 0.187500 0.006250 0.015625
0 0.437500 0.203125 0.006250 0.015625
0 0.437500 0.220312 0.006250 0.015625
0 0.437500 0.235937 0.006250 0.015625
0 0.437500 0.251563 0.006250 0.015625
0 0.437500 0.265625 0.006250 0.015625
0 0.437500 0.281250 0.006250 0.015625
0 0.437500 0.296875 0.006250 0.015625
0 0.437500 0.312500 0.006250 0.015625
0 0.437500 0.328125 0.006250 0.015625
0 0.437500 0.343750 0.006250 0.015625
0 0.437500 0.359375 0.006250 0.015625
0 0.437500 0.375000 0.006250 0.015625
0 0.437500 0.390625 0.006250 0.015625
0 0.437500 0.406250 0.006250 0.015625
0 0.437500 0.421875 0.006250 0.015625
0 0.437500 0.437500 0.006250 0.015625
0 0.437500 0.454688 0.006250 0.015625
0 0.437500 0.468750 0.006250 0.015625
0 0.437500 0.485938 0.006250 0.015625
0 0.437500 0.501563 0.006250 0.015625
0 0.437500 0.515625 0.006250 0.015625
0 0.437500 0.532813 0.006250 0.015625
0 0.437500 0.546875 0.006250 0.015625
0 0.437500 0.564063 0.006250 0.015625
0 0.437500 0.579688 0.006250 0.015625
0 0.437500 0.595313 0.006250 0.015625
0 0.437500 0.609375 0.006250 0.015625
0 0.453125 0.015625 0.006250 0.015625
0 0.453125 0.031250 0.006250 0.015625
0 0.453125 0.046875 0.006250 0.015625
0 0.453125 0.062500 0.006250 0.015625
0 0.453125 0.078125 0.006250 0.015625
0 0.453125 0.093750 0.006250 0.015625
0 0.453125 0.109375 0.006250 0.015625
0 0.453125 0.125000 0.006250 0.015625
0 0.453125 0.140625 0.006250 0.015625
0 0.453125 0.156250 0.006250 0.015625
0 0.453125 0.171875 0.006250 0.015625
0 0.453125 0.189062 0.006250 0.015625
0 0.453125 0.203125 0.006250 0.015625
0 0.453125 0.218750 0.006250 0.015625
0 0.453125 0.234375 0.006250 0.015625
0 0.453125 0.251563 0.006250 0.015625
0 0.453125 0.267188 0.006250 0.015625
0 0.453125 0.281250 0.006250 0.015625
0 0.453125 0.296875 0.006250 0.015625
0 0.453125 0.312500 0.006250 0.015625
0 0.453125 0.328125 0.006250 0.015625
0 0.453125 0.343750 0.006250 0.015625
0 0.453125 0.359375 0.006250 0.015625
0 0.453125 0.375000 0.006250 0.015625
0 0.453125 0.390625 0.006250 0.015625
0 0.453125 0.406250 0.006250 0.015625
0 0.453125 0.421875 0.006250 0.015625
0 0.453125 0.437500 0.006250 0.015625
0 0.453125 0.453125 0.006250 0.015625
0 0.453125 0.468750 0.006250 0.015625
0 0.453125 0.484375 0.006250 0.015625
0 0.453125 0.500000 0.006250 0.015625
0 0.453125 0.515625 0.006250 0.015625
0 0.453125 0.532813 0.006250 0.015625
0 0.453125 0.546875 0.006250 0.015625
0 0.453125 0.562500 0.006250 0.015625
0 0.453125 0.578125 0.006250 0.015625
0 0.453125 0.593750 0.006250 0.015625
0 0.453125 0.609375 0.006250 0.015625
0 0.468750 0.015625 0.006250 0.015625
0 0.468750 0.031250 0.006250 0.015625
0 0.468750 0.046875 0.006250 0.015625
0 0.468750 0.079687 0.006250 0.015625
0 0.468750 0.093750 0.006250 0.015625
0 0.468750 0.109375 0.006250 0.015625
0 0.468750 0.125000 0.006250 0.015625
0 0.468750 0.140625 0.006250 0.015625
0 0.468750 0.156250 0.006250 0.015625
0 0.468750 0.171875 0.006250 0.015625
0 0.468750 0.189062 0.006250 0.015625
0 0.468750 0.203125 0.006250 0.015625
0 0.468750 0.218750 0.006250 0.015625
0 0.468750 0.234375 0.006250 0.015625
0 0.468750 0.251563 0.006250 0.015625
0 0.468750 0.265625 0.006250 0.015625
0 0.468750 0.282813 0.006250 0.015625
0 0.468750 0.296875 0.006250 0.015625
0 0.468750 0.343750 0.006250 0.015625
0 0.468750 0.359375 0.006250 0.015625
0 0.468750 0.375000 0.006250 0.015625
0 0.468750 0.390625 0.006250 0.015625
0 0.468750 0.406250 0.006250 0.015625
0 0.468750 0.421875 0.006250 0.015625
0 0.468750 0.437500 0.006250 0.015625
0 0.468750 0.454688 0.006250 0.015625
0 0.468750 0.468750 0.006250 0.015625
0 0.468750 0.484375 0.006250 0.015625
0 0.468750 0.501563 0.006250 0.015625
0 0.468750 0.515625 0.006250 0.015625
0 0.468750 0.531250 0.006250 0.015625
0 0.468750 0.546875 0.006250 0.015625
0 0.468750 0.564063 0.006250 0.015625
0 0.468750 0.579688 0.006250 0.015625
0 0.468750 0.593750 0.006250 0.015625
0 0.468750 0.609375 0.006250 0.015625
0 0.484375 0.015625 0.006250 0.015625
0 0.484375 0.031250 0.006250 0.015625
0 0.484375 0.046875 0.006250 0.015625
0 0.484375 0.062500 0.006250 0.015625
0 0.484375 0.078125 0.006250 0.015625
0 0.484375 0.093750 0.006250 0.015625
0 0.484375 0.109375 0.006250 0.015625
0 0.484375 0.125000 0.006250 0.015625
0 0.484375 0.140625 0.006250 0.015625
0 0.484375 0.156250 0.006250 0.015625
0 0.484375 0.171875 0.006250 0.015625
0 0.484375 0.187500 0.006250 0.015625
0 0.484375 0.203125 0.006250 0.015625
0 0.484375 0.218750 0.006250 0.015625
0 0.484375 0.234375 0.006250 0.015625
0 0.484375 0.250000 0.006250 0.015625
0 0.484375 0.267188 0.006250 0.015625
0 0.484375 0.281250 0.006250 0.015625
0 0.484375 0.296875 0.006250 0.015625
0 0.484375 0.312500 0.006250 0.015625
0 0.484375 0.328125 0.006250 0.015625
0 0.484375 0.343750 0.006250 0.015625
0 0.484375 0.359375 0.006250 0.015625
0 0.484375 0.375000 0.006250 0.015625
0 0.484375 0.390625 0.006250 0.015625
0 0.484375 0.406250 0.006250 0.015625
0 0.484375 0.421875 0.006250 0.015625
0 0.484375 0.437500 0.006250 0.015625
0 0.484375 0.454688 0.006250 0.015625
0 0.484375 0.468750 0.006250 0.015625
0 0.484375 0.485938 0.006250 0.015625
0 0.484375 0.500000 0.006250 0.015625
0 0.484375 0.517188 0.006250 0.015625
0 0.484375 0.531250 0.006250 0.015625
0 0.484375 0.546875 0.006250 0.015625
0 0.484375 0.562500 0.006250 0.015625
0 0.484375 0.579688 0.006250 0.015625
0 0.484375 0.593750 0.006250 0.015625
0 0.484375 0.609375 0.006250 0.015625
0 0.500000 0.015625 0.006250 0.015625
0 0.500000 0.032813 0.006250 0.015625
0 0.500000 0.046875 0.006250 0.015625
0 0.500000 0.062500 0.006250 0.015625
0 0.500000 0.078125 0.006250 0.015625
0 0.500000 0.093750 0.006250 0.015625
0 0.500000 0.109375 0.006250 0.015625
0 0.500000 0.125000 0.006250 0.015625
0 0.500000 0.140625 0.006250 0.015625
0 0.500000 0.156250 0.006250 0.015625
0 0.500000 0.171875 0.006250 0.015625
0 0.500000 0.189062 0.006250 0.015625
0 0.500000 0.204687 0.006250 0.015625
0 0.500000 0.220312 0.006250 0.015625
0 0.500000 0.235937 0.006250 0.015625
0 0.500000 0.250000 0.006250 0.015625
0 0.500000 0.265625 0.006250 0.015625
0 0.500000 0.281250 0.006250 0.015625
0 0.500000 0.296875 0.006250 0.015625
0 0.500000 0.312500 0.006250 0.015625
0 0.500000 0.328125 0.006250 0.015625
0 0.500000 0.343750 0.006250 0.015625
0 0.500000 0.359375 0.006250 0.015625
0 0.500000 0.375000 0.006250 0.015625
0 0.500000 0.390625 0.006250 0.015625
0 0.500000 0.407813 0.006250 0.015625
0 0.500000 0.423438 0.006250 0.015625
0 0.500000 0.439063 0.006250 0.015625
0 0.500000 0.453125 0.006250 0.015625
0 0.500000 0.468750 0.006250 0.015625
0 0.500000 0.485938 0.006250 0.015625
0 0.500000 0.501563 0.006250 0.015625
0 0.500000 0.517188 0.006250 0.015625
0 0.500000 0.531250 0.006250 0.015625
0 0.500000 0.546875 0.006250 0.015625
0 0.500000 0.564063 0.006250 0.015625
0 0.500000 0.579688 0.006250 0.015625
0 0.500000 0.593750 0.006250 0.015625
0 0.500000 0.610938 0.006250 0.015625
0 0.515625 0.015625 0.006250 0.015625
0 0.515625 0.031250 0.006250 0.015625
0 0.515625 0.046875 0.006250 0.015625
0 0.515625 0.064062 0.006250 0.015625
0 0.515625 0.078125 0.006250 0.015625
0 0.515625 0.093750 0.006250 0.015625
0 0.515625 0.110937 0.006250 0.015625
0 0.515625 0.125000 0.006250 0.015625
0 0.515625 0.142187 0.006250 0.015625
0 0.515625 0.156250 0.006250 0.015625
0 0.515625 0.171875 0.006250 0.015625
0 0.515625 0.189062 0.006250 0.015625
0 0.515625 0.204687 0.006250 0.015625
0 0.515625 0.218750 0.006250 0.015625
0 0.515625 0.234375 0.006250 0.015625
0 0.515625 0.250000 0.006250 0.015625
0 0.515625 0.265625 0.006250 0.015625
0 0.515625 0.282813 0.006250 0.015625
0 0.515625 0.298438 0.006250 0.015625
0 0.515625 0.312500 0.006250 0.015625
0 0.515625 0.328125 0.006250 0.015625
0 0.515625 0.343750 0.006250 0.015625
0 0.515625 0.359375 0.006250 0.015625
0 0.515625 0.375000 0.006250 0.015625
0 0.515625 0.390625 0.006250 0.015625
0 0.515625 0.406250 0.006250 0.015625
0 0.515625 0.423438 0.006250 0.015625
0 0.515625 0.439063 0.006250 0.015625
0 0.515625 0.453125 0.006250 0.015625
0 0.515625 0.468750 0.006250 0.015625
0 0.515625 0.484375 0.006250 0.015625
0 0.515625 0.501563 0.006250 0.015625
0 0.515625 0.517188 0.006250 0.015625
0 0.515625 0.532813 0.006250 0.015625
0 0.515625 0.546875 0.006250 0.015625
0 0.515625 0.564063 0.006250 0.015625
0 0.515625 0.578125 0.006250 0.015625
0 0.515625 0.593750 0.006250 0.015625
0 0.515625 0.609375 0.006250 0.015625
0 0.531250 0.017188 0.006250 0.015625
0 0.531250 0.031250 0.006250 0.015625
0 0.531250 0.046875 0.006250 0.015625
0 0.531250 0.062500 0.006250 0.015625
0 0.531250 0.079687 0.006250 0.015625
0 0.531250 0.093750 0.006250 0.015625
0 0.531250 0.110937 0.006250 0.015625
0 0.531250 0.126562 0.006250 0.015625
0 0.531250 0.142187 0.006250 0.015625
0 0.531250 0.156250 0.006250 0.015625
0 0.531250 0.173437 0.006250 0.015625
0 0.531250 0.189062 0.006250 0.015625
0 0.531250 0.204687 0.006250 0.015625
0 0.531250 0.218750 0.006250 0.015625
0 0.531250 0.235937 0.006250 0.015625
0 0.531250 0.250000 0.006250 0.015625
0 0.531250 0.265625 0.006250 0.015625
0 0.531250 0.282813 0.006250 0.015625
0 0.531250 0.296875 0.006250 0.015625
0 0.531250 0.312500 0.006250 0.015625
0 0.531250 0.328125 0.006250 0.015625
0 0.531250 0.343750 0.006250 0.015625
0 0.531250 0.359375 0.006250 0.015625
0 0.531250 0.376563 0.006250 0.015625
0 0.531250 0.390625 0.006250 0.015625
0 0.531250 0.406250 0.006250 0.015625
0 0.531250 0.423438 0.006250 0.015625
0 0.531250 0.439063 0.006250 0.015625
0 0.531250 0.454688 0.006250 0.015625
0 0.531250 0.468750 0.006250 0.015625
0 0.531250 0.484375 0.006250 0.015625
0 0.531250 0.500000 0.006250 0.015625
0 0.531250 0.517188 0.006250 0.015625
0 0.531250 0.532813 0.006250 0.015625
0 0.531250 0.546875 0.006250 0.015625
0 0.531250 0.562500 0.006250 0.015625
0 0.531250 0.579688 0.006250 0.015625
0 0.531250 0.595313 0.006250 0.015625
0 0.531250 0.609375 0.006250 0.015625
0 0.546875 0.015625 0.006250 0.015625
0 0.546875 0.031250 0.006250 0.015625
0 0.546875 0.046875 0.006250 0.015625
0 0.546875 0.064062 0.006250 0.015625
0 0.546875 0.078125 0.006250 0.015625
0 0.546875 0.093750 0.006250 0.015625
0 0.546875 0.110937 0.006250 0.015625
0 0.546875 0.125000 0.006250 0.015625
0 0.546875 0.140625 0.006250 0.015625
0 0.546875 0.156250 0.006250 0.015625
0 0.546875 0.171875 0.006250 0.015625
0 0.546875 0.187500 0.006250 0.015625
0 0.546875 0.203125 0.006250 0.015625
0 0.546875 0.218750 0.006250 0.015625
0 0.546875 0.234375 0.006250 0.015625
0 0.546875 0.250000 0.006250 0.015625
0 0.546875 0.267188 0.006250 0.015625
0 0.546875 0.281250 0.006250 0.015625
0 0.546875 0.296875 0.006250 0.015625
0 0.546875 0.312500 0.006250 0.015625
0 0.546875 0.328125 0.006250 0.015625
0 0.546875 0.343750 0.006250 0.015625
0 0.546875 0.359375 0.006250 0.015625
0 0.546875 0.375000 0.006250 0.015625
0 0.546875 0.390625 0.006250 0.015625
0 0.546875 0.406250 0.006250 0.015625
0 0.546875 0.423438 0.006250 0.015625
0 0.546875 0.439063 0.006250 0.015625
0 0.546875 0.453125 0.006250 0.015625
0 0.546875 0.468750 0.006250 0.015625
0 0.546875 0.484375 0.006250 0.015625
0 0.546875 0.501563 0.006250 0.015625
0 0.546875 0.515625 0.006250 0.015625
0 0.546875 0.532813 0.006250 0.015625
0 0.546875 0.546875 0.006250 0.015625
0 0.546875 0.564063 0.006250 0.015625
0 0.546875 0.579688 0.006250 0.015625
0 0.546875 0.593750 0.006250 0.015625
0 0.546875 0.609375 0.006250 0.015625
0 0.562500 0.015625 0.006250 0.015625
0 0.562500 0.031250 0.006250 0.015625
0 0.562500 0.048438 0.006250 0.015625
0 0.562500 0.064062 0.006250 0.015625
0 0.562500 0.079687 0.006250 0.015625
0 0.562500 0.095312 0.006250 0.015625
0 0.562500 0.110937 0.006250 0.015625
0 0.562500 0.126562 0.006250 0.015625
0 0.562500 0.142187 0.006250 0.015625
0 0.562500 0.156250 0.006250 0.015625
0 0.562500 0.173437 0.006250 0.015625
0 0.562500 0.189062 0.006250 0.015625
0 0.562500 0.204687 0.006250 0.015625
0 0.562500 0.218750 0.006250 0.015625
0 0.562500 0.234375 0.006250 0.015625
0 0.562500 0.250000 0.006250 0.015625
0 0.564063 0.267188 0.006250 0.015625
0 0.562500 0.282813 0.006250 0.015625
0 0.562500 0.298438 0.006250 0.015625
0 0.562500 0.312500 0.006250 0.015625
0 0.562500 0.329688 0.006250 0.015625
0 0.562500 0.345313 0.006250 0.015625
0 0.562500 0.360938 0.006250 0.015625
0 0.562500 0.375000 0.006250 0.015625
0 0.562500 0.392188 0.006250 0.015625
0 0.562500 0.406250 0.006250 0.015625
0 0.562500 0.423438 0.006250 0.015625
0 0.562500 0.439063 0.006250 0.015625
0 0.562500 0.453125 0.006250 0.015625
0 0.562500 0.470313 0.006250 0.015625
0 0.562500 0.484375 0.006250 0.015625
0 0.562500 0.500000 0.006250 0.015625
0 0.562500 0.515625 0.006250 0.015625
0 0.562500 0.531250 0.006250 0.015625
0 0.562500 0.546875 0.006250 0.015625
0 0.562500 0.564063 0.006250 0.015625
0 0.562500 0.579688 0.006250 0.015625
0 0.562500 0.593750 0.006250 0.015625
0 0.562500 0.610938 0.006250 0.015625
0 0.578125 0.015625 0.006250 0.015625
0 0.578125 0.031250 0.006250 0.015625
0 0.578125 0.046875 0.006250 0.015625
0 0.578125 0.062500 0.006250 0.015625
0 0.578125 0.078125 0.006250 0.015625
0 0.578125 0.095312 0.006250 0.015625
0 0.578125 0.110937 0.006250 0.015625
0 0.578125 0.126562 0.006250 0.015625
0 0.578125 0.140625 0.006250 0.015625
0 0.578125 0.157812 0.006250 0.015625
0 0.578125 0.171875 0.006250 0.015625
0 0.578125 0.187500 0.006250 0.015625
0 0.578125 0.203125 0.006250 0.015625
0 0.578125 0.218750 0.006250 0.015625
0 0.578125 0.235937 0.006250 0.015625
0 0.578125 0.250000 0.006250 0.015625
0 0.578125 0.265625 0.006250 0.015625
0 0.578125 0.281250 0.006250 0.015625
0 0.578125 0.296875 0.006250 0.015625
0 0.578125 0.314063 0.006250 0.015625
0 0.578125 0.329688 0.006250 0.015625
0 0.578125 0.343750 0.006250 0.015625
0 0.578125 0.360938 0.006250 0.015625
0 0.578125 0.375000 0.006250 0.015625
0 0.578125 0.392188 0.006250 0.015625
0 0.578125 0.406250 0.006250 0.015625
0 0.578125 0.423438 0.006250 0.015625
0 0.578125 0.439063 0.006250 0.015625
0 0.578125 0.453125 0.006250 0.015625
0 0.578125 0.470313 0.006250 0.015625
0 0.578125 0.484375 0.006250 0.015625
0 0.578125 0.501563 0.006250 0.015625
0 0.578125 0.515625 0.006250 0.015625
0 0.578125 0.531250 0.006250 0.015625
0 0.578125 0.548438 0.006250 0.015625
0 0.578125 0.564063 0.006250 0.015625
0 0.578125 0.579688 0.006250 0.015625
0 0.578125 0.593750 0.006250 0.015625
0 0.578125 0.610938 0.006250 0.015625
0 0.593750 0.017188 0.006250 0.015625
0 0.593750 0.031250 0.006250 0.015625
0 0.593750 0.046875 0.006250 0.015625
0 0.593750 0.064062 0.006250 0.015625
0 0.593750 0.079687 0.006250 0.015625
0 0.593750 0.095312 0.006250 0.015625
0 0.593750 0.109375 0.006250 0.015625
0 0.593750 0.126562 0.006250 0.015625
0 0.593750 0.142187 0.006250 0.015625
0 0.593750 0.157812 0.006250 0.015625
0 0.593750 0.171875 0.006250 0.015625
0 0.593750 0.187500 0.006250 0.015625
0 0.593750 0.203125 0.006250 0.015625
0 0.593750 0.220312 0.006250 0.015625
0 0.593750 0.234375 0.006250 0.015625
0 0.593750 0.251563 0.006250 0.015625
0 0.593750 0.267188 0.006250 0.015625
0 0.593750 0.282813 0.006250 0.015625
0 0.593750 0.298438 0.006250 0.015625
0 0.593750 0.314063 0.006250 0.015625
0 0.593750 0.328125 0.006250 0.015625
0 0.593750 0.345313 0.006250 0.015625
0 0.593750 0.359375 0.006250 0.015625
0 0.593750 0.376563 0.006250 0.015625
0 0.593750 0.390625 0.006250 0.015625
0 0.593750 0.407813 0.006250 0.015625
0 0.593750 0.423438 0.006250 0.015625
0 0.593750 0.437500 0.006250 0.015625
0 0.593750 0.453125 0.006250 0.015625
0 0.593750 0.470313 0.006250 0.015625
0 0.593750 0.484375 0.006250 0.015625
0 0.593750 0.500000 0.006250 0.015625
0 0.593750 0.515625 0.006250 0.015625
0 0.593750 0.532813 0.006250 0.015625
0 0.593750 0.548438 0.006250 0.015625
0 0.593750 0.564063 0.006250 0.015625
0 0.593750 0.578125 0.006250 0.015625
0 0.593750 0.595313 0.006250 0.015625
0 0.593750 0.609375 0.006250 0.015625
0 0.609375 0.017188 0.006250 0.015625
0 0.609375 0.032813 0.006250 0.015625
0 0.609375 0.048438 0.006250 0.015625
0 0.609375 0.062500 0.006250 0.015625
0 0.609375 0.078125 0.006250 0.015625
0 0.609375 0.095312 0.006250 0.015625
0 0.609375 0.109375 0.006250 0.015625
0 0.609375 0.125000 0.006250 0.015625
0 0.609375 0.140625 0.006250 0.015625
0 0.609375 0.157812 0.006250 0.015625
0 0.609375 0.171875 0.006250 0.015625
0 0.609375 0.187500 0.006250 0.015625
0 0.609375 0.204687 0.006250 0.015625
0 0.609375 0.218750 0.006250 0.015625
0 0.609375 0.234375 0.006250 0.015625
0 0.609375 0.251563 0.006250 0.015625
0 0.609375 0.265625 0.006250 0.015625
0 0.609375 0.282813 0.006250 0.015625
0 0.609375 0.296875 0.006250 0.015625
0 0.609375 0.314063 0.006250 0.015625
0 0.609375 0.328125 0.006250 0.015625
0 0.609375 0.345313 0.006250 0.015625
0 0.609375 0.359375 0.006250 0.015625
0 0.609375 0.375000 0.006250 0.015625
0 0.609375 0.390625 0.006250 0.015625
0 0.609375 0.407813 0.006250 0.015625
0 0.609375 0.423438 0.006250 0.015625
0 0.609375 0.437500 0.006250 0.015625
0 0.609375 0.453125 0.006250 0.015625
0 0.609375 0.468750 0.006250 0.015625
0 0.609375 0.485938 0.006250 0.015625
0 0.609375 0.501563 0.006250 0.015625
0 0.609375 0.517188 0.006250 0.015625
0 0.609375 0.532813 0.006250 0.015625
0 0.609375 0.546875 0.006250 0.015625
0 0.609375 0.564063 0.006250 0.015625
0 0.609375 0.578125 0.006250 0.015625
0 0.609375 0.593750 0.006250 0.015625
0 0.609375 0.610938 0.006250 0.015625
0 0.625000 0.015625 0.006250 0.015625
0 0.625000 0.032813 0.006250 0.015625
0 0.625000 0.048438 0.006250 0.015625
0 0.625000 0.062500 0.006250 0.015625
0 0.625000 0.079687 0.006250 0.015625
0 0.625000 0.095312 0.006250 0.015625
0 0.625000 0.109375 0.006250 0.015625
0 0.625000 0.125000 0.006250 0.015625
0 0.625000 0.140625 0.006250 0.015625
0 0.625000 0.156250 0.006250 0.015625
0 0.625000 0.171875 0.006250 0.015625
0 0.625000 0.189062 0.006250 0.015625
0 0.625000 0.203125 0.006250 0.015625
0 0.625000 0.218750 0.006250 0.015625
0 0.625000 0.234375 0.006250 0.015625
0 0.625000 0.250000 0.006250 0.015625
0 0.625000 0.267188 0.006250 0.015625
0 0.625000 0.282813 0.006250 0.015625
0 0.625000 0.296875 0.006250 0.015625
0 0.625000 0.314063 0.006250 0.015625
0 0.625000 0.328125 0.006250 0.015625
0 0.625000 0.345313 0.006250 0.015625
0 0.625000 0.360938 0.006250 0.015625
0 0.625000 0.375000 0.006250 0.015625
0 0.625000 0.390625 0.006250 0.015625
0 0.625000 0.407813 0.006250 0.015625
0 0.625000 0.421875 0.006250 0.015625
0 0.625000 0.437500 0.006250 0.015625
0 0.625000 0.453125 0.006250 0.015625
0 0.625000 0.468750 0.006250 0.015625
0 0.625000 0.485938 0.006250 0.015625
0 0.625000 0.501563 0.006250 0.015625
0 0.625000 0.515625 0.006250 0.015625
0 0.625000 0.532813 0.006250 0.015625
0 0.625000 0.546875 0.006250 0.015625
0 0.625000 0.562500 0.006250 0.015625
0 0.625000 0.578125 0.006250 0.015625
0 0.625000 0.593750 0.006250 0.015625
0 0.625000 0.610938 0.006250 0.015625
0 0.640625 0.015625 0.006250 0.015625
0 0.640625 0.032813 0.006250 0.015625
0 0.640625 0.046875 0.006250 0.015625
0 0.640625 0.062500 0.006250 0.015625
0 0.640625 0.078125 0.006250 0.015625
0 0.640625 0.093750 0.006250 0.015625
0 0.640625 0.110937 0.006250 0.015625
0 0.640625 0.126562 0.006250 0.015625
0 0.640625 0.140625 0.006250 0.015625
0 0.640625 0.156250 0.006250 0.015625
0 0.640625 0.171875 0.006250 0.015625
0 0.640625 0.187500 0.006250 0.015625
0 0.640625 0.204687 0.006250 0.015625
0 0.640625 0.220312 0.006250 0.015625
0 0.640625 0.234375 0.006250 0.015625
0 0.640625 0.251563 0.006250 0.015625
0 0.640625 0.265625 0.006250 0.015625
0 0.640625 0.282813 0.006250 0.015625
0 0.640625 0.296875 0.006250 0.015625
0 0.640625 0.312500 0.006250 0.015625
0 0.640625 0.328125 0.006250 0.015625
0 0.640625 0.343750 0.006250 0.015625
0 0.640625 0.360938 0.006250 0.015625
0 0.640625 0.375000 0.006250 0.015625
0 0.640625 0.390625 0.006250 0.015625
0 0.640625 0.406250 0.006250 0.015625
0 0.640625 0.423438 0.006250 0.015625
0 0.640625 0.437500 0.006250 0.015625
0 0.640625 0.453125 0.006250 0.015625
0 0.640625 0.468750 0.006250 0.015625
0 0.640625 0.484375 0.006250 0.015625
0 0.640625 0.501563 0.006250 0.015625
0 0.640625 0.517188 0.006250 0.015625
0 0.640625 0.532813 0.006250 0.015625
0 0.640625 0.548438 0.006250 0.015625
0 0.640625 0.564063 0.006250 0.015625
0 0.640625 0.578125 0.006250 0.015625
0 0.640625 0.595313 0.006250 0.015625
0 0.640625 0.609375 0.006250 0.015625
0 0.656250 0.015625 0.006250 0.015625
0 0.656250 0.031250 0.006250 0.015625
0 0.656250 0.048438 0.006250 0.015625
0 0.656250 0.064062 0.006250 0.015625
0 0.656250 0.079687 0.006250 0.015625
0 0.656250 0.095312 0.006250 0.015625
0 0.656250 0.110937 0.006250 0.015625
0 0.656250 0.126562 0.006250 0.015625
0 0.656250 0.142187 0.006250 0.015625
0 0.656250 0.157812 0.006250 0.015625
0 0.656250 0.171875 0.006250 0.015625
0 0.656250 0.189062 0.006250 0.015625
0 0.656250 0.203125 0.006250 0.015625
0 0.656250 0.220312 0.006250 0.015625
0 0.656250 0.235937 0.006250 0.015625
0 0.656250 0.251563 0.006250 0.015625
0 0.656250 0.267188 0.006250 0.015625
0 0.656250 0.282813 0.006250 0.015625
0 0.656250 0.298438 0.006250 0.015625
0 0.656250 0.314063 0.006250 0.015625
0 0.656250 0.329688 0.006250 0.015625
0 0.656250 0.345313 0.006250 0.015625
0 0.656250 0.359375 0.006250 0.015625
0 0.656250 0.375000 0.006250 0.015625
0 0.656250 0.390625 0.006250 0.015625
0 0.656250 0.406250 0.006250 0.015625
0 0.656250 0.423438 0.006250 0.015625
0 0.656250 0.437500 0.006250 0.015625
0 0.656250 0.454688 0.006250 0.015625
0 0.656250 0.470313 0.006250 0.015625
0 0.656250 0.485938 0.006250 0.015625
0 0.656250 0.500000 0.006250 0.015625
0 0.656250 0.517188 0.006250 0.015625
0 0.656250 0.532813 0.006250 0.015625
0 0.656250 0.548438 0.006250 0.015625
0 0.656250 0.564063 0.006250 0.015625
0 0.656250 0.578125 0.006250 0.015625
0 0.656250 0.595313 0.006250 0.015625
0 0.656250 0.609375 0.006250 0.015625
0 0.671875 0.017188 0.006250 0.015625
0 0.671875 0.031250 0.006250 0.015625
0 0.671875 0.048438 0.006250 0.015625
0 0.671875 0.064062 0.006250 0.015625
0 0.671875 0.079687 0.006250 0.015625
0 0.671875 0.095312 0.006250 0.015625
0 0.671875 0.110937 0.006250 0.015625
0 0.671875 0.125000 0.006250 0.015625
0 0.671875 0.140625 0.006250 0.015625
0 0.671875 0.156250 0.006250 0.015625
0 0.671875 0.173437 0.006250 0.015625
0 0.671875 0.189062 0.006250 0.015625
0 0.671875 0.204687 0.006250 0.015625
0 0.673438 0.220312 0.006250 0.015625
0 0.671875 0.235937 0.006250 0.015625
0 0.671875 0.250000 0.006250 0.015625
0 0.671875 0.267188 0.006250 0.015625
0 0.671875 0.282813 0.006250 0.015625
0 0.671875 0.296875 0.006250 0.015625
0 0.671875 0.312500 0.006250 0.015625
0 0.671875 0.328125 0.006250 0.015625
0 0.671875 0.343750 0.006250 0.015625
0 0.671875 0.359375 0.006250 0.015625
0 0.671875 0.376563 0.006250 0.015625
0 0.671875 0.390625 0.006250 0.015625
0 0.671875 0.407813 0.006250 0.015625
0 0.671875 0.423438 0.006250 0.015625
0 0.671875 0.439063 0.006250 0.015625
0 0.671875 0.453125 0.006250 0.015625
0 0.671875 0.468750 0.006250 0.015625
0 0.671875 0.485938 0.006250 0.015625
0 0.671875 0.501563 0.006250 0.015625
0 0.671875 0.517188 0.006250 0.015625
0 0.671875 0.532813 0.006250 0.015625
0 0.671875 0.548438 0.006250 0.015625
0 0.671875 0.564063 0.006250 0.015625
0 0.671875 0.579688 0.006250 0.015625
0 0.671875 0.593750 0.006250 0.015625
0 0.671875 0.609375 0.006250 0.015625
0 0.687500 0.015625 0.006250 0.015625
0 0.687500 0.032813 0.006250 0.015625
0 0.687500 0.048438 0.006250 0.015625
0 0.687500 0.064062 0.006250 0.015625
0 0.687500 0.079687 0.006250 0.015625
0 0.687500 0.095312 0.006250 0.015625
0 0.687500 0.110937 0.006250 0.015625
0 0.687500 0.126562 0.006250 0.015625
0 0.687500 0.140625 0.006250 0.015625
0 0.687500 0.157812 0.006250 0.015625
0 0.687500 0.173437 0.006250 0.015625
0 0.687500 0.189062 0.006250 0.015625
0 0.687500 0.204687 0.006250 0.015625
0 0.687500 0.218750 0.006250 0.015625
0 0.687500 0.235937 0.006250 0.015625
0 0.687500 0.251563 0.006250 0.015625
0 0.687500 0.267188 0.006250 0.015625
0 0.687500 0.282813 0.006250 0.015625
0 0.687500 0.298438 0.006250 0.015625
0 0.687500 0.314063 0.006250 0.015625
0 0.687500 0.329688 0.006250 0.015625
0 0.687500 0.345313 0.006250 0.015625
0 0.687500 0.360938 0.006250 0.015625
0 0.689063 0.375000 0.006250 0.015625
0 0.687500 0.392188 0.006250 0.015625
0 0.687500 0.406250 0.006250 0.015625
0 0.687500 0.421875 0.006250 0.015625
0 0.687500 0.439063 0.006250 0.015625
0 0.687500 0.454688 0.006250 0.015625
0 0.687500 0.470313 0.006250 0.015625
0 0.687500 0.485938 0.006250 0.015625
0 0.687500 0.501563 0.006250 0.015625
0 0.687500 0.517188 0.006250 0.015625
0 0.687500 0.532813 0.006250 0.015625
0 0.687500 0.548438 0.006250 0.015625
0 0.687500 0.562500 0.006250 0.015625
0 0.687500 0.579688 0.006250 0.015625
0 0.687500 0.593750 0.006250 0.015625
0 0.687500 0.609375 0.006250 0.015625
0 0.703125 0.017188 0.006250 0.015625
0 0.703125 0.032813 0.006250 0.015625
0 0.703125 0.046875 0.006250 0.015625
0 0.703125 0.062500 0.006250 0.015625
0 0.703125 0.079687 0.006250 0.015625
0 0.703125 0.095312 0.006250 0.015625
0 0.703125 0.110937 0.006250 0.015625
0 0.703125 0.126562 0.006250 0.015625
0 0.703125 0.142187 0.006250 0.015625
0 0.703125 0.157812 0.006250 0.015625
0 0.703125 0.173437 0.006250 0.015625
0 0.703125 0.189062 0.006250 0.015625
0 0.703125 0.204687 0.006250 0.015625
0 0.703125 0.220312 0.006250 0.015625
0 0.703125 0.235937 0.006250 0.015625
0 0.703125 0.251563 0.006250 0.015625
0 0.703125 0.267188 0.006250 0.015625
0 0.703125 0.281250 0.006250 0.015625
0 0.703125 0.298438 0.006250 0.015625
0 0.703125 0.314063 0.006250 0.015625
0 0.703125 0.329688 0.006250 0.015625
0 0.703125 0.345313 0.006250 0.015625
0 0.703125 0.359375 0.006250 0.015625
0 0.703125 0.376563 0.006250 0.015625
0 0.703125 0.392188 0.006250 0.015625
0 0.703125 0.407813 0.006250 0.015625
0 0.703125 0.423438 0.006250 0.015625
0 0.703125 0.439063 0.006250 0.015625
0 0.703125 0.454688 0.006250 0.015625
0 0.703125 0.470313 0.006250 0.015625
0 0.703125 0.485938 0.006250 0.015625
0 0.703125 0.501563 0.006250 0.015625
0 0.703125 0.517188 0.006250 0.015625
0 0.703125 0.532813 0.006250 0.015625
0 0.703125 0.548438 0.006250 0.015625
0 0.703125 0.564063 0.006250 0.015625
0 0.703125 0.579688 0.006250 0.015625
0 0.703125 0.593750 0.006250 0.015625
0 0.703125 0.609375 0.006250 0.015625
0 0.718750 0.017188 0.006250 0.015625
0 0.718750 0.031250 0.006250 0.015625
0 0.718750 0.048438 0.006250 0.015625
0 0.718750 0.062500 0.006250 0.015625
0 0.718750 0.079687 0.006250 0.015625
0 0.718750 0.095312 0.006250 0.015625
0 0.718750 0.110937 0.006250 0.015625
0 0.718750 0.125000 0.006250 0.015625
0 0.718750 0.142187 0.006250 0.015625
0 0.718750 0.157812 0.006250 0.015625
0 0.718750 0.171875 0.006250 0.015625
0 0.718750 0.189062 0.006250 0.015625
0 0.718750 0.204687 0.006250 0.015625
0 0.718750 0.220312 0.006250 0.015625
0 0.718750 0.234375 0.006250 0.015625
0 0.718750 0.251563 0.006250 0.015625
0 0.718750 0.267188 0.006250 0.015625
0 0.718750 0.282813 0.006250 0.015625
0 0.718750 0.298438 0.006250 0.015625
0 0.718750 0.314063 0.006250 0.015625
0 0.718750 0.328125 0.006250 0.015625
0 0.718750 0.343750 0.006250 0.015625
0 0.718750 0.360938 0.006250 0.015625
0 0.718750 0.376563 0.006250 0.015625
0 0.718750 0.392188 0.006250 0.015625
0 0.718750 0.407813 0.006250 0.015625
0 0.718750 0.423438 0.006250 0.015625
0 0.718750 0.439063 0.006250 0.015625
0 0.718750 0.454688 0.006250 0.015625
0 0.718750 0.468750 0.006250 0.015625
0 0.718750 0.485938 0.006250 0.015625
0 0.718750 0.501563 0.006250 0.015625
0 0.718750 0.517188 0.006250 0.015625
0 0.718750 0.532813 0.006250 0.015625
0 0.718750 0.548438 0.006250 0.015625
0 0.718750 0.564063 0.006250 0.015625
0 0.718750 0.579688 0.006250 0.015625
0 0.718750 0.593750 0.006250 0.015625
0 0.718750 0.610938 0.006250 0.015625
0 0.734375 0.017188 0.006250 0.015625
0 0.734375 0.032813 0.006250 0.015625
0 0.734375 0.048438 0.006250 0.015625
0 0.734375 0.062500 0.006250 0.015625
0 0.734375 0.079687 0.006250 0.015625
0 0.734375 0.095312 0.006250 0.015625
0 0.735938 0.110937 0.006250 0.015625
0 0.734375 0.126562 0.006250 0.015625
0 0.734375 0.142187 0.006250 0.015625
0 0.735938 0.157812 0.006250 0.015625
0 0.734375 0.173437 0.006250 0.015625
0 0.734375 0.189062 0.006250 0.015625
0 0.734375 0.204687 0.006250 0.015625
0 0.734375 0.220312 0.006250 0.015625
0 0.735938 0.234375 0.006250 0.015625
0 0.734375 0.253125 0.006250 0.015625
0 0.734375 0.267188 0.006250 0.015625
0 0.734375 0.282813 0.006250 0.015625
0 0.734375 0.298438 0.006250 0.015625
0 0.734375 0.314063 0.006250 0.015625
0 0.734375 0.329688 0.006250 0.015625
0 0.734375 0.345313 0.006250 0.015625
0 0.734375 0.360938 0.006250 0.015625
0 0.734375 0.376563 0.006250 0.015625
0 0.734375 0.390625 0.006250 0.015625
0 0.734375 0.407813 0.006250 0.015625
0 0.734375 0.421875 0.006250 0.015625
0 0.734375 0.439063 0.006250 0.015625
0 0.734375 0.454688 0.006250 0.015625
0 0.734375 0.468750 0.006250 0.015625
0 0.734375 0.485938 0.006250 0.015625
0 0.734375 0.501563 0.006250 0.015625
0 0.734375 0.517188 0.006250 0.015625
0 0.734375 0.532813 0.006250 0.015625
0 0.734375 0.548438 0.006250 0.015625
0 0.734375 0.564063 0.006250 0.015625
0 0.735938 0.579688 0.006250 0.015625
0 0.734375 0.595313 0.006250 0.015625
0 0.734375 0.609375 0.006250 0.015625
0 0.750000 0.017188 0.006250 0.015625
0 0.750000 0.032813 0.006250 0.015625
0 0.750000 0.046875 0.006250 0.015625
0 0.750000 0.062500 0.006250 0.015625
0 0.750000 0.079687 0.006250 0.015625
0 0.750000 0.093750 0.006250 0.015625
0 0.750000 0.110937 0.006250 0.015625
0 0.750000 0.126562 0.006250 0.015625
0 0.750000 0.142187 0.006250 0.015625
0 0.750000 0.157812 0.006250 0.015625
0 0.750000 0.173437 0.006250 0.015625
0 0.750000 0.189062 0.006250 0.015625
0 0.750000 0.204687 0.006250 0.015625
0 0.750000 0.220312 0.006250 0.015625
0 0.750000 0.235937 0.006250 0.015625
0 0.750000 0.251563 0.006250 0.015625
0 0.750000 0.267188 0.006250 0.015625
0 0.750000 0.282813 0.006250 0.015625
0 0.751563 0.298438 0.006250 0.015625
0 0.750000 0.314063 0.006250 0.015625
0 0.750000 0.329688 0.006250 0.015625
0 0.750000 0.345313 0.006250 0.015625
0 0.750000 0.360938 0.006250 0.015625
0 0.750000 0.375000 0.006250 0.015625
0 0.750000 0.392188 0.006250 0.015625
0 0.750000 0.407813 0.006250 0.015625
0 0.750000 0.423438 0.006250 0.015625
0 0.750000 0.439063 0.006250 0.015625
0 0.750000 0.454688 0.006250 0.015625
0 0.750000 0.470313 0.006250 0.015625
0 0.750000 0.485938 0.006250 0.015625
0 0.750000 0.501563 0.006250 0.015625
0 0.750000 0.517188 0.006250 0.015625
0 0.750000 0.532813 0.006250 0.015625
0 0.750000 0.548438 0.006250 0.015625
0 0.750000 0.562500 0.006250 0.015625
0 0.750000 0.579688 0.006250 0.015625
0 0.750000 0.595313 0.006250 0.015625
0 0.750000 0.609375 0.006250 0.015625
0 0.765625 0.015625 0.006250 0.015625
0 0.765625 0.032813 0.006250 0.015625
0 0.765625 0.048438 0.006250 0.015625
0 0.765625 0.064062 0.006250 0.015625
0 0.765625 0.079687 0.006250 0.015625
0 0.765625 0.095312 0.006250 0.015625
0 0.765625 0.110937 0.006250 0.015625
0 0.765625 0.126562 0.006250 0.015625
0 0.765625 0.142187 0.006250 0.015625
0 0.765625 0.189062 0.006250 0.015625
0 0.765625 0.204687 0.006250 0.015625
0 0.765625 0.218750 0.006250 0.015625
0 0.765625 0.235937 0.006250 0.015625
0 0.765625 0.251563 0.006250 0.015625
0 0.765625 0.267188 0.006250 0.015625
0 0.765625 0.281250 0.006250 0.015625
0 0.765625 0.298438 0.006250 0.015625
0 0.765625 0.312500 0.006250 0.015625
0 0.765625 0.329688 0.006250 0.015625
0 0.765625 0.345313 0.006250 0.015625
0 0.765625 0.359375 0.006250 0.015625
0 0.765625 0.376563 0.006250 0.015625
0 0.765625 0.390625 0.006250 0.015625
0 0.765625 0.407813 0.006250 0.015625
0 0.765625 0.423438 0.006250 0.015625
0 0.765625 0.439063 0.006250 0.015625
0 0.765625 0.454688 0.006250 0.015625
0 0.765625 0.470313 0.006250 0.015625
0 0.765625 0.485938 0.006250 0.015625
0 0.765625 0.501563 0.006250 0.015625
0 0.765625 0.517188 0.006250 0.015625
0 0.765625 0.532813 0.006250 0.015625
0 0.765625 0.548438 0.006250 0.015625
0 0.765625 0.564063 0.006250 0.015625
0 0.765625 0.579688 0.006250 0.015625
0 0.765625 0.595313 0.006250 0.015625
0 0.765625 0.609375 0.006250 0.015625
0 0.781250 0.017188 0.006250 0.015625
0 0.781250 0.032813 0.006250 0.015625
0 0.781250 0.048438 0.006250 0.015625
0 0.781250 0.064062 0.006250 0.015625
0 0.781250 0.079687 0.006250 0.015625
0 0.781250 0.095312 0.006250 0.015625
0 0.781250 0.110937 0.006250 0.015625
0 0.781250 0.126562 0.006250 0.015625
0 0.781250 0.142187 0.006250 0.015625
0 0.781250 0.157812 0.006250 0.015625
0 0.781250 0.173437 0.006250 0.015625
0 0.781250 0.189062 0.006250 0.015625
0 0.781250 0.204687 0.006250 0.015625
0 0.781250 0.220312 0.006250 0.015625
0 0.781250 0.235937 0.006250 0.015625
0 0.781250 0.250000 0.006250 0.015625
0 0.781250 0.267188 0.006250 0.015625
0 0.781250 0.282813 0.006250 0.015625
0 0.781250 0.298438 0.006250 0.015625
0 0.781250 0.312500 0.006250 0.015625
0 0.781250 0.329688 0.006250 0.015625
0 0.781250 0.345313 0.006250 0.015625
0 0.781250 0.360938 0.006250 0.015625
0 0.781250 0.376563 0.006250 0.015625
0 0.781250 0.392188 0.006250 0.015625
0 0.781250 0.407813 0.006250 0.015625
0 0.781250 0.423438 0.006250 0.015625
0 0.781250 0.439063 0.006250 0.015625
0 0.781250 0.454688 0.006250 0.015625
0 0.781250 0.470313 0.006250 0.015625
0 0.781250 0.485938 0.006250 0.015625
0 0.781250 0.501563 0.006250 0.015625
0 0.781250 0.517188 0.006250 0.015625
0 0.781250 0.532813 0.006250 0.015625
0 0.781250 0.548438 0.006250 0.015625
0 0.781250 0.564063 0.006250 0.015625
0 0.781250 0.579688 0.006250 0.015625
0 0.781250 0.595313 0.006250 0.015625
0 0.781250 0.610938 0.006250 0.015625
0 0.796875 0.017188 0.006250 0.015625
0 0.796875 0.032813 0.006250 0.015625
0 0.796875 0.048438 0.006250 0.015625
0 0.796875 0.064062 0.006250 0.015625
0 0.796875 0.079687 0.006250 0.015625
0 0.796875 0.095312 0.006250 0.015625
0 0.796875 0.110937 0.006250 0.015625
0 0.796875 0.126562 0.006250 0.015625
0 0.796875 0.142187 0.006250 0.015625
0 0.796875 0.157812 0.006250 0.015625
0 0.796875 0.173437 0.006250 0.015625
0 0.796875 0.189062 0.006250 0.015625
0 0.796875 0.204687 0.006250 0.015625
0 0.796875 0.220312 0.006250 0.015625
0 0.796875 0.235937 0.006250 0.015625
0 0.796875 0.251563 0.006250 0.015625
0 0.796875 0.267188 0.006250 0.015625
0 0.796875 0.282813 0.006250 0.015625
0 0.796875 0.298438 0.006250 0.015625
0 0.796875 0.314063 0.006250 0.015625
0 0.796875 0.329688 0.006250 0.015625
0 0.796875 0.345313 0.006250 0.015625
0 0.796875 0.360938 0.006250 0.015625
0 0.796875 0.376563 0.006250 0.015625
0 0.796875 0.392188 0.006250 0.015625
0 0.796875 0.407813 0.006250 0.015625
0 0.796875 0.423438 0.006250 0.015625
0 0.796875 0.439063 0.006250 0.015625
0 0.796875 0.454688 0.006250 0.015625
0 0.796875 0.468750 0.006250 0.015625
0 0.796875 0.485938 0.006250 0.015625
0 0.796875 0.501563 0.006250 0.015625
0 0.796875 0.517188 0.006250 0.015625
0 0.796875 0.532813 0.006250 0.015625
0 0.796875 0.548438 0.006250 0.015625
0 0.796875 0.564063 0.006250 0.015625
0 0.796875 0.579688 0.006250 0.015625
0 0.796875 0.595313 0.006250 0.015625
0 0.796875 0.610938 0.006250 0.015625
0 0.812500 0.017188 0.006250 0.015625
0 0.812500 0.032813 0.006250 0.015625
0 0.812500 0.046875 0.006250 0.015625
0 0.812500 0.064062 0.006250 0.015625
0 0.812500 0.079687 0.006250 0.015625
0 0.812500 0.095312 0.006250 0.015625
0 0.812500 0.110937 0.006250 0.015625
0 0.812500 0.126562 0.006250 0.015625
0 0.812500 0.142187 0.006250 0.015625
0 0.814063 0.157812 0.006250 0.015625
0 0.812500 0.173437 0.006250 0.015625
0 0.812500 0.189062 0.006250 0.015625
0 0.812500 0.204687 0.006250 0.015625
0 0.812500 0.220312 0.006250 0.015625
0 0.812500 0.235937 0.006250 0.015625
0 0.812500 0.251563 0.006250 0.015625
0 0.812500 0.267188 0.006250 0.015625
0 0.812500 0.282813 0.006250 0.015625
0 0.812500 0.298438 0.006250 0.015625
0 0.812500 0.314063 0.006250 0.015625
0 0.812500 0.328125 0.006250 0.015625
0 0.812500 0.345313 0.006250 0.015625
0 0.812500 0.360938 0.006250 0.015625
0 0.812500 0.376563 0.006250 0.015625
0 0.812500 0.390625 0.006250 0.015625
0 0.812500 0.407813 0.006250 0.015625
0 0.812500 0.423438 0.006250 0.015625
0 0.812500 0.439063 0.006250 0.015625
0 0.812500 0.454688 0.006250 0.015625
0 0.812500 0.470313 0.006250 0.015625
0 0.812500 0.485938 0.006250 0.015625
0 0.812500 0.501563 0.006250 0.015625
0 0.812500 0.517188 0.006250 0.015625
0 0.812500 0.532813 0.006250 0.015625
0 0.812500 0.548438 0.006250 0.015625
0 0.812500 0.564063 0.006250 0.015625
0 0.812500 0.579688 0.006250 0.015625
0 0.812500 0.595313 0.006250 0.015625
0 0.812500 0.609375 0.006250 0.015625
0 0.828125 0.017188 0.006250 0.015625
0 0.828125 0.032813 0.006250 0.015625
0 0.828125 0.048438 0.006250 0.015625
0 0.828125 0.064062 0.006250 0.015625
0 0.828125 0.079687 0.006250 0.015625
0 0.828125 0.095312 0.006250 0.015625
0 0.828125 0.109375 0.006250 0.015625
0 0.828125 0.157812 0.006250 0.015625
0 0.828125 0.173437 0.006250 0.015625
0 0.828125 0.189062 0.006250 0.015625
0 0.828125 0.204687 0.006250 0.015625
0 0.828125 0.220312 0.006250 0.015625
0 0.828125 0.235937 0.006250 0.015625
0 0.828125 0.251563 0.006250 0.015625
0 0.829688 0.267188 0.006250 0.015625
0 0.828125 0.282813 0.006250 0.015625
0 0.828125 0.298438 0.006250 0.015625
0 0.828125 0.314063 0.006250 0.015625
0 0.828125 0.328125 0.006250 0.015625
0 0.828125 0.345313 0.006250 0.015625
0 0.828125 0.360938 0.006250 0.015625
0 0.828125 0.376563 0.006250 0.015625
0 0.828125 0.393750 0.006250 0.015625
0 0.828125 0.407813 0.006250 0.015625
0 0.828125 0.421875 0.006250 0.015625
0 0.828125 0.439063 0.006250 0.015625
0 0.828125 0.453125 0.006250 0.015625
0 0.828125 0.470313 0.006250 0.015625
0 0.828125 0.485938 0.006250 0.015625
0 0.828125 0.501563 0.006250 0.015625
0 0.828125 0.517188 0.006250 0.015625
0 0.828125 0.532813 0.006250 0.015625
0 0.828125 0.548438 0.006250 0.015625
0 0.828125 0.564063 0.006250 0.015625
0 0.828125 0.579688 0.006250 0.015625
0 0.828125 0.593750 0.006250 0.015625
0 0.828125 0.609375 0.006250 0.015625
0 0.843750 0.015625 0.006250 0.015625
0 0.843750 0.032813 0.006250 0.015625
0 0.843750 0.048438 0.006250 0.015625
0 0.843750 0.064062 0.006250 0.015625
0 0.843750 0.079687 0.006250 0.015625
0 0.843750 0.095312 0.006250 0.015625
0 0.843750 0.110937 0.006250 0.015625
0 0.843750 0.126562 0.006250 0.015625
0 0.843750 0.142187 0.006250 0.015625
0 0.843750 0.157812 0.006250 0.015625
0 0.843750 0.173437 0.006250 0.015625
0 0.843750 0.189062 0.006250 0.015625
0 0.843750 0.204687 0.006250 0.015625
0 0.845313 0.218750 0.006250 0.015625
0 0.843750 0.235937 0.006250 0.015625
0 0.843750 0.250000 0.006250 0.015625
0 0.843750 0.267188 0.006250 0.015625
0 0.843750 0.282813 0.006250 0.015625
0 0.843750 0.298438 0.006250 0.015625
0 0.843750 0.314063 0.006250 0.015625
0 0.843750 0.329688 0.006250 0.015625
0 0.843750 0.345313 0.006250 0.015625
0 0.843750 0.359375 0.006250 0.015625
0 0.843750 0.375000 0.006250 0.015625
0 0.843750 0.392188 0.006250 0.015625
0 0.843750 0.407813 0.006250 0.015625
0 0.843750 0.423438 0.006250 0.015625
0 0.843750 0.439063 0.006250 0.015625
0 0.843750 0.485938 0.006250 0.015625
0 0.843750 0.501563 0.006250 0.015625
0 0.843750 0.517188 0.006250 0.015625
0 0.843750 0.532813 0.006250 0.015625
0 0.843750 0.548438 0.006250 0.015625
0 0.843750 0.564063 0.006250 0.015625
0 0.843750 0.579688 0.006250 0.015625
0 0.843750 0.595313 0.006250 0.015625
0 0.843750 0.610938 0.006250 0.015625
0 0.859375 0.017188 0.006250 0.015625
0 0.859375 0.032813 0.006250 0.015625
0 0.859375 0.048438 0.006250 0.015625
0 0.859375 0.064062 0.006250 0.015625
0 0.859375 0.079687 0.006250 0.015625
0 0.859375 0.095312 0.006250 0.015625
0 0.859375 0.110937 0.006250 0.015625
0 0.859375 0.126562 0.006250 0.015625
0 0.859375 0.142187 0.006250 0.015625
0 0.859375 0.157812 0.006250 0.015625
0 0.859375 0.173437 0.006250 0.015625
0 0.859375 0.189062 0.006250 0.015625
0 0.859375 0.204687 0.006250 0.015625
0 0.859375 0.220312 0.006250 0.015625
0 0.859375 0.234375 0.006250 0.015625
0 0.859375 0.251563 0.006250 0.015625
0 0.859375 0.267188 0.006250 0.015625
0 0.859375 0.282813 0.006250 0.015625
0 0.859375 0.298438 0.006250 0.015625
0 0.859375 0.314063 0.006250 0.015625
0 0.859375 0.328125 0.006250 0.015625
0 0.859375 0.343750 0.006250 0.015625
0 0.859375 0.360938 0.006250 0.015625
0 0.859375 0.375000 0.006250 0.015625
0 0.859375 0.390625 0.006250 0.015625
0 0.859375 0.407813 0.006250 0.015625
0 0.859375 0.423438 0.006250 0.015625
0 0.859375 0.439063 0.006250 0.015625
0 0.859375 0.454688 0.006250 0.015625
0 0.859375 0.470313 0.006250 0.015625
0 0.859375 0.485938 0.006250 0.015625
0 0.859375 0.501563 0.006250 0.015625
0 0.859375 0.517188 0.006250 0.015625
0 0.859375 0.532813 0.006250 0.015625
0 0.859375 0.546875 0.006250 0.015625
0 0.859375 0.564063 0.006250 0.015625
0 0.859375 0.579688 0.006250 0.015625
0 0.859375 0.595313 0.006250 0.015625
0 0.859375 0.610938 0.006250 0.015625
0 0.875000 0.017188 0.006250 0.015625
0 0.875000 0.032813 0.006250 0.015625
0 0.875000 0.048438 0.006250 0.015625
0 0.875000 0.064062 0.006250 0.015625
0 0.875000 0.078125 0.006250 0.015625
0 0.875000 0.095312 0.006250 0.015625
0 0.875000 0.110937 0.006250 0.015625
0 0.875000 0.126562 0.006250 0.015625
0 0.875000 0.140625 0.006250 0.015625
0 0.875000 0.157812 0.006250 0.015625
0 0.875000 0.171875 0.006250 0.015625
0 0.875000 0.189062 0.006250 0.015625
0 0.875000 0.204687 0.006250 0.015625
0 0.875000 0.220312 0.006250 0.015625
0 0.875000 0.235937 0.006250 0.015625
0 0.875000 0.251563 0.006250 0.015625
0 0.875000 0.267188 0.006250 0.015625
0 0.875000 0.282813 0.006250 0.015625
0 0.875000 0.298438 0.006250 0.015625
0 0.875000 0.312500 0.006250 0.015625
0 0.875000 0.329688 0.006250 0.015625
0 0.875000 0.345313 0.006250 0.015625
0 0.875000 0.360938 0.006250 0.015625
0 0.875000 0.376563 0.006250 0.015625
0 0.875000 0.392188 0.006250 0.015625
0 0.875000 0.407813 0.006250 0.015625
0 0.875000 0.423438 0.006250 0.015625
0 0.876563 0.439063 0.006250 0.015625
0 0.875000 0.453125 0.006250 0.015625
0 0.875000 0.470313 0.006250 0.015625
0 0.875000 0.485938 0.006250 0.015625
0 0.875000 0.501563 0.006250 0.015625
0 0.875000 0.517188 0.006250 0.015625
0 0.875000 0.532813 0.006250 0.015625
0 0.875000 0.548438 0.006250 0.015625
0 0.875000 0.562500 0.006250 0.015625
0 0.875000 0.578125 0.006250 0.015625
0 0.875000 0.595313 0.006250 0.015625
0 0.875000 0.610938 0.006250 0.015625
0 0.890625 0.015625 0.006250 0.015625
0 0.890625 0.032813 0.006250 0.015625
0 0.890625 0.046875 0.006250 0.015625
0 0.890625 0.064062 0.006250 0.015625
0 0.890625 0.079687 0.006250 0.015625
0 0.890625 0.093750 0.006250 0.015625
0 0.890625 0.110937 0.006250 0.015625
0 0.892188 0.125000 0.006250 0.015625
0 0.890625 0.140625 0.006250 0.015625
0 0.890625 0.157812 0.006250 0.015625
0 0.890625 0.171875 0.006250 0.015625
0 0.890625 0.189062 0.006250 0.015625
0 0.890625 0.203125 0.006250 0.015625
0 0.890625 0.218750 0.006250 0.015625
0 0.890625 0.235937 0.006250 0.015625
0 0.890625 0.251563 0.006250 0.015625
0 0.890625 0.267188 0.006250 0.015625
0 0.890625 0.282813 0.006250 0.015625
0 0.890625 0.298438 0.006250 0.015625
0 0.890625 0.314063 0.006250 0.015625
0 0.890625 0.328125 0.006250 0.015625
0 0.890625 0.343750 0.006250 0.015625
0 0.890625 0.360938 0.006250 0.015625
0 0.890625 0.375000 0.006250 0.015625
0 0.890625 0.392188 0.006250 0.015625
0 0.890625 0.406250 0.006250 0.015625
0 0.890625 0.423438 0.006250 0.015625
0 0.890625 0.437500 0.006250 0.015625
0 0.890625 0.453125 0.006250 0.015625
0 0.890625 0.470313 0.006250 0.015625
0 0.890625 0.484375 0.006250 0.015625
0 0.890625 0.501563 0.006250 0.015625
0 0.890625 0.517188 0.006250 0.015625
0 0.890625 0.532813 0.006250 0.015625
0 0.890625 0.548438 0.006250 0.015625
0 0.890625 0.564063 0.006250 0.015625
0 0.890625 0.579688 0.006250 0.015625
0 0.890625 0.595313 0.006250 0.015625
0 0.890625 0.860938 0.006250 0.015625
0 0.892188 0.876563 0.006250 0.015625
0 0.890625 0.892188 0.006250 0.015625
0 0.892188 0.907813 0.006250 0.015625
0 0.890625 0.923438 0.006250 0.015625
0 0.890625 0.939063 0.006250 0.015625
0 0.892188 0.954688 0.006250 0.015625
0 0.890625 0.970313 0.006250 0.015625
0 0.890625 0.985938 0.006250 0.015625
0 0.906250 0.846875 0.006250 0.015625
0 0.906250 0.860938 0.006250 0.015625
0 0.906250 0.876563 0.006250 0.015625
0 0.906250 0.890625 0.006250 0.015625
0 0.906250 0.907813 0.006250 0.015625
0 0.907813 0.923438 0.006250 0.015625
0 0.906250 0.939063 0.006250 0.015625
0 0.906250 0.954688 0.006250 0.015625
0 0.906250 0.970313 0.006250 0.015625
0 0.906250 0.985938 0.006250 0.015625
0 0.921875 0.845313 0.006250 0.015625
0 0.921875 0.859375 0.006250 0.015625
0 0.923438 0.876563 0.006250 0.015625
0 0.921875 0.892188 0.006250 0.015625
0 0.923438 0.907813 0.006250 0.015625
0 0.921875 0.923438 0.006250 0.015625
0 0.921875 0.939063 0.006250 0.015625
0 0.921875 0.954688 0.006250 0.015625
0 0.921875 0.970313 0.006250 0.015625
0 0.921875 0.985938 0.006250 0.015625
0 0.937500 0.845313 0.006250 0.015625
0 0.937500 0.860938 0.006250 0.015625
0 0.937500 0.876563 0.006250 0.015625
0 0.937500 0.892188 0.006250 0.015625
0 0.937500 0.907813 0.006250 0.015625
0 0.937500 0.923438 0.006250 0.015625
0 0.937500 0.939063 0.006250 0.015625
0 0.937500 0.954688 0.006250 0.015625
0 0.937500 0.970313 0.006250 0.015625
0 0.937500 0.985938 0.006250 0.015625
0 0.953125 0.845313 0.006250 0.015625
0 0.953125 0.860938 0.006250 0.015625
0 0.954688 0.876563 0.006250 0.015625
0 0.953125 0.892188 0.006250 0.015625
0 0.953125 0.907813 0.006250 0.015625
0 0.953125 0.923438 0.006250 0.015625
0 0.953125 0.939063 0.006250 0.015625
0 0.953125 0.954688 0.006250 0.015625
0 0.953125 0.970313 0.006250 0.015625
0 0.953125 0.985938 0.006250 0.015625
0 0.968750 0.860938 0.006250 0.015625
0 0.968750 0.876563 0.006250 0.015625
0 0.968750 0.892188 0.006250 0.015625
0 0.968750 0.907813 0.006250 0.015625
0 0.968750 0.923438 0.006250 0.015625
0 0.968750 0.939063 0.006250 0.015625
0 0.968750 0.954688 0.006250 0.015625
0 0.968750 0.968750 0.006250 0.015625
0 0.968750 0.985938 0.006250 0.015625
0 0.984375 0.845313 0.006250 0.015625
0 0.984375 0.860938 0.006250 0.015625
0 0.984375 0.876563 0.006250 0.015625
0 0.985938 0.890625 0.006250 0.015625
0 0.984375 0.907813 0.006250 0.015625
0 0.984375 0.923438 0.006250 0.015625
0 0.984375 0.939063 0.006250 0.015625
0 0.984375 0.954688 0.006250 0.015625
0 0.984375 0.970313 0.006250 0.015625
0 0.984375 0.985938 0.006250 0.015625
