0 0.517188 0.017188 0.006250 0.015625
0 0.673438 0.142187 0.006250 0.015625
0 0.673438 0.157812 0.006250 0.015625
0 0.204687 0.610938 0.006250 0.015625
0 0.204687 0.845313 0.006250 0.015625
0 0.204687 0.907813 0.006250 0.015625
0 0.204687 0.923438 0.006250 0.015625
0 0.001563 0.846875 0.006250 0.015625
0 0.001563 0.860938 0.006250 0.015625
0 0.001563 0.876563 0.006250 0.015625
0 0.001563 0.892188 0.006250 0.015625
0 0.001563 0.907813 0.006250 0.015625
0 0.001563 0.923438 0.006250 0.015625
0 0.001563 0.939063 0.006250 0.015625
0 0.001563 0.954688 0.006250 0.015625
0 0.001563 0.970313 0.006250 0.015625
0 0.001563 0.985938 0.006250 0.015625
0 0.017188 0.846875 0.006250 0.015625
0 0.017188 0.860938 0.006250 0.015625
0 0.017188 0.876563 0.006250 0.015625
0 0.017188 0.892188 0.006250 0.015625
0 0.017188 0.907813 0.006250 0.015625
0 0.017188 0.923438 0.006250 0.015625
0 0.017188 0.939063 0.006250 0.015625
0 0.017188 0.954688 0.006250 0.015625
0 0.017188 0.970313 0.006250 0.015625
0 0.017188 0.985938 0.006250 0.015625
0 0.032813 0.846875 0.006250 0.015625
0 0.032813 0.862500 0.006250 0.015625
0 0.032813 0.876563 0.006250 0.015625
0 0.032813 0.892188 0.006250 0.015625
0 0.032813 0.907813 0.006250 0.015625
0 0.032813 0.923438 0.006250 0.015625
0 0.032813 0.939063 0.006250 0.015625
0 0.032813 0.954688 0.006250 0.015625
0 0.032813 0.970313 0.006250 0.015625
0 0.032813 0.985938 0.006250 0.015625
0 0.048438 0.846875 0.006250 0.015625
0 0.048438 0.860938 0.006250 0.015625
0 0.048438 0.876563 0.006250 0.015625
0 0.048438 0.892188 0.006250 0.015625
0 0.048438 0.907813 0.006250 0.015625
0 0.048438 0.923438 0.006250 0.015625
0 0.048438 0.939063 0.006250 0.015625
0 0.048438 0.954688 0.006250 0.015625
0 0.048438 0.970313 0.006250 0.015625
0 0.048438 0.985938 0.006250 0.015625
0 0.064062 0.846875 0.006250 0.015625
0 0.064062 0.860938 0.006250 0.015625
0 0.064062 0.876563 0.006250 0.015625
0 0.064062 0.892188 0.006250 0.015625
0 0.064062 0.907813 0.006250 0.015625
0 0.064062 0.923438 0.006250 0.015625
0 0.064062 0.939063 0.006250 0.015625
0 0.064062 0.954688 0.006250 0.015625
0 0.064062 0.970313 0.006250 0.015625
0 0.064062 0.985938 0.006250 0.015625
0 0.079687 0.846875 0.006250 0.015625
0 0.079687 0.860938 0.006250 0.015625
0 0.079687 0.876563 0.006250 0.015625
0 0.079687 0.892188 0.006250 0.015625
0 0.079687 0.907813 0.006250 0.015625
0 0.079687 0.923438 0.006250 0.015625
0 0.079687 0.939063 0.006250 0.015625
0 0.079687 0.954688 0.006250 0.015625
0 0.079687 0.970313 0.006250 0.015625
0 0.079687 0.985938 0.006250 0.015625
0 0.095312 0.846875 0.006250 0.015625
0 0.095312 0.860938 0.006250 0.015625
0 0.095312 0.876563 0.006250 0.015625
0 0.095312 0.892188 0.006250 0.015625
0 0.095312 0.907813 0.006250 0.015625
0 0.095312 0.923438 0.006250 0.015625
0 0.095312 0.939063 0.006250 0.015625
0 0.095312 0.954688 0.006250 0.015625
0 0.095312 0.970313 0.006250 0.015625
0 0.095312 0.985938 0.006250 0.015625
0 0.110937 0.845313 0.006250 0.015625
0 0.110937 0.860938 0.006250 0.015625
0 0.110937 0.876563 0.006250 0.015625
0 0.110937 0.892188 0.006250 0.015625
0 0.110937 0.907813 0.006250 0.015625
0 0.110937 0.923438 0.006250 0.015625
0 0.110937 0.939063 0.006250 0.015625
0 0.110937 0.954688 0.006250 0.015625
0 0.110937 0.970313 0.006250 0.015625
0 0.110937 0.985938 0.006250 0.015625
0 0.126562 0.846875 0.006250 0.015625
0 0.126562 0.860938 0.006250 0.015625
0 0.126562 0.876563 0.006250 0.015625
0 0.126562 0.892188 0.006250 0.015625
0 0.126562 0.907813 0.006250 0.015625
0 0.126562 0.923438 0.006250 0.015625
0 0.126562 0.939063 0.006250 0.015625
0 0.126562 0.954688 0.006250 0.015625
0 0.126562 0.970313 0.006250 0.015625
0 0.126562 0.985938 0.006250 0.015625
0 0.142187 0.846875 0.006250 0.015625
0 0.142187 0.860938 0.006250 0.015625
0 0.142187 0.876563 0.006250 0.015625
0 0.142187 0.892188 0.006250 0.015625
0 0.142187 0.907813 0.006250 0.015625
0 0.142187 0.923438 0.006250 0.015625
0 0.142187 0.939063 0.006250 0.015625
0 0.142187 0.954688 0.006250 0.015625
0 0.142187 0.970313 0.006250 0.015625
0 0.142187 0.985938 0.006250 0.015625
0 0.157812 0.846875 0.006250 0.015625
0 0.157812 0.860938 0.006250 0.015625
0 0.157812 0.876563 0.006250 0.015625
0 0.157812 0.892188 0.006250 0.015625
0 0.157812 0.907813 0.006250 0.015625
0 0.157812 0.923438 0.006250 0.015625
0 0.157812 0.939063 0.006250 0.015625
0 0.157812 0.954688 0.006250 0.015625
0 0.157812 0.970313 0.006250 0.015625
0 0.157812 0.985938 0.006250 0.015625
0 0.173437 0.845313 0.006250 0.015625
0 0.173437 0.860938 0.006250 0.015625
0 0.173437 0.876563 0.006250 0.015625
0 0.173437 0.892188 0.006250 0.015625
0 0.173437 0.907813 0.006250 0.015625
0 0.173437 0.923438 0.006250 0.015625
0 0.173437 0.939063 0.006250 0.015625
0 0.173437 0.954688 0.006250 0.015625
0 0.173437 0.970313 0.006250 0.015625
0 0.173437 0.985938 0.006250 0.015625
0 0.189062 0.846875 0.006250 0.015625
0 0.189062 0.860938 0.006250 0.015625
0 0.189062 0.876563 0.006250 0.015625
0 0.189062 0.892188 0.006250 0.015625
0 0.189062 0.907813 0.006250 0.015625
0 0.189062 0.923438 0.006250 0.015625
0 0.189062 0.939063 0.006250 0.015625
0 0.189062 0.954688 0.006250 0.015625
0 0.189062 0.970313 0.006250 0.015625
0 0.189062 0.985938 0.006250 0.015625
0 0.204687 0.017188 0.006250 0.015625
0 0.204687 0.032813 0.006250 0.015625
0 0.204687 0.048438 0.006250 0.015625
0 0.204687 0.065625 0.006250 0.015625
0 0.204687 0.079687 0.006250 0.015625
0 0.204687 0.095312 0.006250 0.015625
0 0.204687 0.110937 0.006250 0.015625
0 0.204687 0.128125 0.006250 0.015625
0 0.204687 0.143750 0.006250 0.015625
0 0.204687 0.159375 0.006250 0.015625
0 0.204687 0.173437 0.006250 0.015625
0 0.204687 0.189062 0.006250 0.015625
0 0.204687 0.206250 0.006250 0.015625
0 0.204687 0.220312 0.006250 0.015625
0 0.204687 0.237500 0.006250 0.015625
0 0.204687 0.253125 0.006250 0.015625
0 0.204687 0.268750 0.006250 0.015625
0 0.204687 0.282813 0.006250 0.015625
0 0.204687 0.300000 0.006250 0.015625
0 0.204687 0.315625 0.006250 0.015625
0 0.204687 0.329688 0.006250 0.015625
0 0.204687 0.346875 0.006250 0.015625
0 0.204687 0.360938 0.006250 0.015625
0 0.204687 0.376563 0.006250 0.015625
0 0.204687 0.392188 0.006250 0.015625
0 0.204687 0.407813 0.006250 0.015625
0 0.204687 0.425000 0.006250 0.015625
0 0.204687 0.440625 0.006250 0.015625
0 0.204687 0.456250 0.006250 0.015625
0 0.204687 0.471875 0.006250 0.015625
0 0.204687 0.487500 0.006250 0.015625
0 0.204687 0.503125 0.006250 0.015625
0 0.204687 0.518750 0.006250 0.015625
0 0.204687 0.534375 0.006250 0.015625
0 0.204687 0.550000 0.006250 0.015625
0 0.204687 0.564063 0.006250 0.015625
0 0.204687 0.579688 0.006250 0.015625
0 0.204687 0.596875 0.006250 0.015625
0 0.204687 0.860938 0.006250 0.015625
0 0.204687 0.878125 0.006250 0.015625
0 0.204687 0.892188 0.006250 0.015625
0 0.204687 0.939063 0.006250 0.015625
0 0.204687 0.954688 0.006250 0.015625
0 0.204687 0.971875 0.006250 0.015625
0 0.204687 0.987500 0.006250 0.015625
0 0.220312 0.017188 0.006250 0.015625
0 0.220312 0.034375 0.006250 0.015625
0 0.220312 0.048438 0.006250 0.015625
0 0.220312 0.064062 0.006250 0.015625
0 0.220312 0.081250 0.006250 0.015625
0 0.220312 0.095312 0.006250 0.015625
0 0.220312 0.110937 0.006250 0.015625
0 0.220312 0.126562 0.006250 0.015625
0 0.220312 0.142187 0.006250 0.015625
0 0.220312 0.159375 0.006250 0.015625
0 0.220312 0.173437 0.006250 0.015625
0 0.220312 0.189062 0.006250 0.015625
0 0.220312 0.206250 0.006250 0.015625
0 0.220312 0.220312 0.006250 0.015625
0 0.220312 0.237500 0.006250 0.015625
0 0.220312 0.251563 0.006250 0.015625
0 0.220312 0.268750 0.006250 0.015625
0 0.220312 0.284375 0.006250 0.015625
0 0.220312 0.298438 0.006250 0.015625
0 0.220312 0.315625 0.006250 0.015625
0 0.220312 0.331250 0.006250 0.015625
0 0.220312 0.345313 0.006250 0.015625
0 0.220312 0.360938 0.006250 0.015625
0 0.220312 0.378125 0.006250 0.015625
0 0.220312 0.393750 0.006250 0.015625
0 0.220312 0.407813 0.006250 0.015625
0 0.220312 0.423438 0.006250 0.015625
0 0.220312 0.440625 0.006250 0.015625
0 0.220312 0.454688 0.006250 0.015625
0 0.220312 0.471875 0.006250 0.015625
0 0.220312 0.485938 0.006250 0.015625
0 0.220312 0.503125 0.006250 0.015625
0 0.220312 0.518750 0.006250 0.015625
0 0.220312 0.532813 0.006250 0.015625
0 0.220312 0.550000 0.006250 0.015625
0 0.220312 0.565625 0.006250 0.015625
0 0.220312 0.579688 0.006250 0.015625
0 0.220312 0.595313 0.006250 0.015625
0 0.220312 0.610938 0.006250 0.015625
0 0.235937 0.018750 0.006250 0.015625
0 0.235937 0.032813 0.006250 0.015625
0 0.235937 0.048438 0.006250 0.015625
0 0.235937 0.064062 0.006250 0.015625
0 0.235937 0.079687 0.006250 0.015625
0 0.235937 0.095312 0.006250 0.015625
0 0.235937 0.110937 0.006250 0.015625
0 0.235937 0.128125 0.006250 0.015625
0 0.235937 0.142187 0.006250 0.015625
0 0.235937 0.159375 0.006250 0.015625
0 0.235937 0.175000 0.006250 0.015625
0 0.235937 0.189062 0.006250 0.015625
0 0.235937 0.204687 0.006250 0.015625
0 0.235937 0.220312 0.006250 0.015625
0 0.235937 0.235937 0.006250 0.015625
0 0.235937 0.251563 0.006250 0.015625
0 0.235937 0.267188 0.006250 0.015625
0 0.235937 0.284375 0.006250 0.015625
0 0.235937 0.300000 0.006250 0.015625
0 0.235937 0.315625 0.006250 0.015625
0 0.235937 0.329688 0.006250 0.015625
0 0.235937 0.345313 0.006250 0.015625
0 0.235937 0.362500 0.006250 0.015625
0 0.235937 0.376563 0.006250 0.015625
0 0.235937 0.392188 0.006250 0.015625
0 0.235937 0.407813 0.006250 0.015625
0 0.235937 0.423438 0.006250 0.015625
0 0.235937 0.439063 0.006250 0.015625
0 0.235937 0.454688 0.006250 0.015625
0 0.235937 0.470313 0.006250 0.015625
0 0.235937 0.485938 0.006250 0.015625
0 0.235937 0.503125 0.006250 0.015625
0 0.235937 0.517188 0.006250 0.015625
0 0.235937 0.532813 0.006250 0.015625
0 0.235937 0.548438 0.006250 0.015625
0 0.235937 0.565625 0.006250 0.015625
0 0.235937 0.579688 0.006250 0.015625
0 0.235937 0.596875 0.006250 0.015625
0 0.235937 0.612500 0.006250 0.015625
0 0.251563 0.017188 0.006250 0.015625
0 0.251563 0.032813 0.006250 0.015625
0 0.251563 0.048438 0.006250 0.015625
0 0.251563 0.064062 0.006250 0.015625
0 0.251563 0.079687 0.006250 0.015625
0 0.251563 0.095312 0.006250 0.015625
0 0.251563 0.110937 0.006250 0.015625
0 0.251563 0.126562 0.006250 0.015625
0 0.251563 0.142187 0.006250 0.015625
0 0.251563 0.157812 0.006250 0.015625
0 0.251563 0.173437 0.006250 0.015625
0 0.251563 0.190625 0.006250 0.015625
0 0.251563 0.204687 0.006250 0.015625
0 0.251563 0.220312 0.006250 0.015625
0 0.251563 0.235937 0.006250 0.015625
0 0.251563 0.251563 0.006250 0.015625
0 0.251563 0.268750 0.006250 0.015625
0 0.251563 0.282813 0.006250 0.015625
0 0.251563 0.300000 0.006250 0.015625
0 0.251563 0.315625 0.006250 0.015625
0 0.251563 0.329688 0.006250 0.015625
0 0.251563 0.345313 0.006250 0.015625
0 0.251563 0.360938 0.006250 0.015625
0 0.251563 0.376563 0.006250 0.015625
0 0.251563 0.392188 0.006250 0.015625
0 0.251563 0.409375 0.006250 0.015625
0 0.251563 0.423438 0.006250 0.015625
0 0.251563 0.440625 0.006250 0.015625
0 0.251563 0.454688 0.006250 0.015625
0 0.251563 0.470313 0.006250 0.015625
0 0.251563 0.485938 0.006250 0.015625
0 0.251563 0.501563 0.006250 0.015625
0 0.251563 0.517188 0.006250 0.015625
0 0.251563 0.532813 0.006250 0.015625
0 0.251563 0.548438 0.006250 0.015625
0 0.251563 0.565625 0.006250 0.015625
0 0.251563 0.581250 0.006250 0.015625
0 0.251563 0.596875 0.006250 0.015625
0 0.251563 0.610938 0.006250 0.015625
0 0.267188 0.017188 0.006250 0.015625
0 0.267188 0.032813 0.006250 0.015625
0 0.267188 0.048438 0.006250 0.015625
0 0.267188 0.064062 0.006250 0.015625
0 0.267188 0.081250 0.006250 0.015625
0 0.267188 0.095312 0.006250 0.015625
0 0.267188 0.110937 0.006250 0.015625
0 0.267188 0.126562 0.006250 0.015625
0 0.267188 0.142187 0.006250 0.015625
0 0.267188 0.157812 0.006250 0.015625
0 0.267188 0.173437 0.006250 0.015625
0 0.267188 0.190625 0.006250 0.015625
0 0.267188 0.204687 0.006250 0.015625
0 0.267188 0.220312 0.006250 0.015625
0 0.267188 0.235937 0.006250 0.015625
0 0.267188 0.251563 0.006250 0.015625
0 0.267188 0.268750 0.006250 0.015625
0 0.267188 0.284375 0.006250 0.015625
0 0.267188 0.298438 0.006250 0.015625
0 0.267188 0.315625 0.006250 0.015625
0 0.267188 0.329688 0.006250 0.015625
0 0.267188 0.345313 0.006250 0.015625
0 0.267188 0.360938 0.006250 0.015625
0 0.267188 0.376563 0.006250 0.015625
0 0.267188 0.392188 0.006250 0.015625
0 0.267188 0.407813 0.006250 0.015625
0 0.267188 0.423438 0.006250 0.015625
0 0.267188 0.439063 0.006250 0.015625
0 0.267188 0.456250 0.006250 0.015625
0 0.267188 0.470313 0.006250 0.015625
0 0.267188 0.485938 0.006250 0.015625
0 0.267188 0.501563 0.006250 0.015625
0 0.267188 0.518750 0.006250 0.015625
0 0.267188 0.534375 0.006250 0.015625
0 0.267188 0.550000 0.006250 0.015625
0 0.267188 0.564063 0.006250 0.015625
0 0.267188 0.581250 0.006250 0.015625
0 0.267188 0.595313 0.006250 0.015625
0 0.267188 0.612500 0.006250 0.015625
0 0.282813 0.017188 0.006250 0.015625
0 0.282813 0.032813 0.006250 0.015625
0 0.282813 0.048438 0.006250 0.015625
0 0.282813 0.065625 0.006250 0.015625
0 0.282813 0.079687 0.006250 0.015625
0 0.282813 0.096875 0.006250 0.015625
0 0.282813 0.110937 0.006250 0.015625
0 0.282813 0.126562 0.006250 0.015625
0 0.282813 0.142187 0.006250 0.015625
0 0.282813 0.157812 0.006250 0.015625
0 0.282813 0.173437 0.006250 0.015625
0 0.282813 0.190625 0.006250 0.015625
0 0.282813 0.204687 0.006250 0.015625
0 0.282813 0.220312 0.006250 0.015625
0 0.282813 0.237500 0.006250 0.015625
0 0.282813 0.251563 0.006250 0.015625
0 0.282813 0.267188 0.006250 0.015625
0 0.282813 0.284375 0.006250 0.015625
0 0.282813 0.300000 0.006250 0.015625
0 0.282813 0.315625 0.006250 0.015625
0 0.282813 0.329688 0.006250 0.015625
0 0.282813 0.345313 0.006250 0.015625
0 0.282813 0.360938 0.006250 0.015625
0 0.282813 0.376563 0.006250 0.015625
0 0.282813 0.392188 0.006250 0.015625
0 0.282813 0.409375 0.006250 0.015625
0 0.282813 0.423438 0.006250 0.015625
0 0.282813 0.439063 0.006250 0.015625
0 0.282813 0.456250 0.006250 0.015625
0 0.282813 0.470313 0.006250 0.015625
0 0.282813 0.485938 0.006250 0.015625
0 0.282813 0.501563 0.006250 0.015625
0 0.282813 0.517188 0.006250 0.015625
0 0.282813 0.534375 0.006250 0.015625
0 0.282813 0.548438 0.006250 0.015625
0 0.282813 0.564063 0.006250 0.015625
0 0.282813 0.581250 0.006250 0.015625
0 0.282813 0.595313 0.006250 0.015625
0 0.282813 0.612500 0.006250 0.015625
0 0.298438 0.017188 0.006250 0.015625
0 0.298438 0.034375 0.006250 0.015625
0 0.298438 0.050000 0.006250 0.015625
0 0.298438 0.064062 0.006250 0.015625
0 0.298438 0.079687 0.006250 0.015625
0 0.298438 0.095312 0.006250 0.015625
0 0.298438 0.110937 0.006250 0.015625
0 0.298438 0.126562 0.006250 0.015625
0 0.298438 0.142187 0.006250 0.015625
0 0.298438 0.157812 0.006250 0.015625
0 0.298438 0.173437 0.006250 0.015625
0 0.298438 0.189062 0.006250 0.015625
0 0.298438 0.204687 0.006250 0.015625
0 0.298438 0.220312 0.006250 0.015625
0 0.298438 0.235937 0.006250 0.015625
0 0.298438 0.251563 0.006250 0.015625
0 0.298438 0.267188 0.006250 0.015625
0 0.298438 0.284375 0.006250 0.015625
0 0.298438 0.298438 0.006250 0.015625
0 0.298438 0.314063 0.006250 0.015625
0 0.298438 0.331250 0.006250 0.015625
0 0.298438 0.346875 0.006250 0.015625
0 0.298438 0.362500 0.006250 0.015625
0 0.298438 0.378125 0.006250 0.015625
0 0.298438 0.392188 0.006250 0.015625
0 0.298438 0.409375 0.006250 0.015625
0 0.298438 0.423438 0.006250 0.015625
0 0.298438 0.440625 0.006250 0.015625
0 0.298438 0.454688 0.006250 0.015625
0 0.298438 0.470313 0.006250 0.015625
0 0.298438 0.485938 0.006250 0.015625
0 0.298438 0.501563 0.006250 0.015625
0 0.298438 0.517188 0.006250 0.015625
0 0.298438 0.534375 0.006250 0.015625
0 0.298438 0.550000 0.006250 0.015625
0 0.298438 0.565625 0.006250 0.015625
0 0.298438 0.581250 0.006250 0.015625
0 0.298438 0.595313 0.006250 0.015625
0 0.298438 0.610938 0.006250 0.015625
0 0.314063 0.017188 0.006250 0.015625
0 0.314063 0.034375 0.006250 0.015625
0 0.314063 0.048438 0.006250 0.015625
0 0.314063 0.065625 0.006250 0.015625
0 0.314063 0.081250 0.006250 0.015625
0 0.314063 0.095312 0.006250 0.015625
0 0.314063 0.112500 0.006250 0.015625
0 0.314063 0.128125 0.006250 0.015625
0 0.314063 0.143750 0.006250 0.015625
0 0.314063 0.159375 0.006250 0.015625
0 0.314063 0.175000 0.006250 0.015625
0 0.314063 0.189062 0.006250 0.015625
0 0.314063 0.204687 0.006250 0.015625
0 0.314063 0.221875 0.006250 0.015625
0 0.314063 0.235937 0.006250 0.015625
0 0.314063 0.253125 0.006250 0.015625
0 0.314063 0.267188 0.006250 0.015625
0 0.314063 0.284375 0.006250 0.015625
0 0.314063 0.298438 0.006250 0.015625
0 0.314063 0.314063 0.006250 0.015625
0 0.314063 0.329688 0.006250 0.015625
0 0.314063 0.346875 0.006250 0.015625
0 0.314063 0.360938 0.006250 0.015625
0 0.314063 0.378125 0.006250 0.015625
0 0.314063 0.393750 0.006250 0.015625
0 0.314063 0.409375 0.006250 0.015625
0 0.314063 0.423438 0.006250 0.015625
0 0.314063 0.439063 0.006250 0.015625
0 0.314063 0.454688 0.006250 0.015625
0 0.314063 0.470313 0.006250 0.015625
0 0.314063 0.485938 0.006250 0.015625
0 0.314063 0.503125 0.006250 0.015625
0 0.314063 0.517188 0.006250 0.015625
0 0.314063 0.534375 0.006250 0.015625
0 0.314063 0.548438 0.006250 0.015625
0 0.314063 0.564063 0.006250 0.015625
0 0.314063 0.579688 0.006250 0.015625
0 0.314063 0.595313 0.006250 0.015625
0 0.314063 0.612500 0.006250 0.015625
0 0.329688 0.017188 0.006250 0.015625
0 0.329688 0.032813 0.006250 0.015625
0 0.329688 0.050000 0.006250 0.015625
0 0.329688 0.065625 0.006250 0.015625
0 0.329688 0.079687 0.006250 0.015625
0 0.329688 0.095312 0.006250 0.015625
0 0.329688 0.110937 0.006250 0.015625
0 0.329688 0.126562 0.006250 0.015625
0 0.329688 0.142187 0.006250 0.015625
0 0.329688 0.159375 0.006250 0.015625
0 0.329688 0.173437 0.006250 0.015625
0 0.329688 0.189062 0.006250 0.015625
0 0.329688 0.204687 0.006250 0.015625
0 0.329688 0.220312 0.006250 0.015625
0 0.329688 0.237500 0.006250 0.015625
0 0.329688 0.253125 0.006250 0.015625
0 0.329688 0.267188 0.006250 0.015625
0 0.329688 0.284375 0.006250 0.015625
0 0.329688 0.300000 0.006250 0.015625
0 0.329688 0.315625 0.006250 0.015625
0 0.329688 0.329688 0.006250 0.015625
0 0.329688 0.346875 0.006250 0.015625
0 0.329688 0.360938 0.006250 0.015625
0 0.329688 0.376563 0.006250 0.015625
0 0.329688 0.392188 0.006250 0.015625
0 0.329688 0.407813 0.006250 0.015625
0 0.329688 0.425000 0.006250 0.015625
0 0.329688 0.439063 0.006250 0.015625
0 0.329688 0.454688 0.006250 0.015625
0 0.329688 0.470313 0.006250 0.015625
0 0.329688 0.485938 0.006250 0.015625
0 0.329688 0.501563 0.006250 0.015625
0 0.329688 0.517188 0.006250 0.015625
0 0.329688 0.532813 0.006250 0.015625
0 0.329688 0.548438 0.006250 0.015625
0 0.329688 0.565625 0.006250 0.015625
0 0.329688 0.579688 0.006250 0.015625
0 0.329688 0.595313 0.006250 0.015625
0 0.329688 0.612500 0.006250 0.015625
0 0.345313 0.017188 0.006250 0.015625
0 0.345313 0.032813 0.006250 0.015625
0 0.345313 0.048438 0.006250 0.015625
0 0.345313 0.064062 0.006250 0.015625
0 0.345313 0.079687 0.006250 0.015625
0 0.345313 0.095312 0.006250 0.015625
0 0.345313 0.112500 0.006250 0.015625
0 0.345313 0.126562 0.006250 0.015625
0 0.345313 0.142187 0.006250 0.015625
0 0.345313 0.157812 0.006250 0.015625
0 0.345313 0.175000 0.006250 0.015625
0 0.345313 0.189062 0.006250 0.015625
0 0.345313 0.206250 0.006250 0.015625
0 0.345313 0.220312 0.006250 0.015625
0 0.345313 0.235937 0.006250 0.015625
0 0.345313 0.251563 0.006250 0.015625
0 0.345313 0.268750 0.006250 0.015625
0 0.345313 0.282813 0.006250 0.015625
0 0.345313 0.298438 0.006250 0.015625
0 0.345313 0.315625 0.006250 0.015625
0 0.345313 0.329688 0.006250 0.015625
0 0.345313 0.346875 0.006250 0.015625
0 0.345313 0.360938 0.006250 0.015625
0 0.345313 0.376563 0.006250 0.015625
0 0.345313 0.393750 0.006250 0.015625
0 0.345313 0.407813 0.006250 0.015625
0 0.345313 0.425000 0.006250 0.015625
0 0.345313 0.439063 0.006250 0.015625
0 0.345313 0.454688 0.006250 0.015625
0 0.345313 0.470313 0.006250 0.015625
0 0.345313 0.485938 0.006250 0.015625
0 0.345313 0.501563 0.006250 0.015625
0 0.345313 0.517188 0.006250 0.015625
0 0.345313 0.534375 0.006250 0.015625
0 0.345313 0.548438 0.006250 0.015625
0 0.345313 0.565625 0.006250 0.015625
0 0.345313 0.581250 0.006250 0.015625
0 0.345313 0.596875 0.006250 0.015625
0 0.345313 0.610938 0.006250 0.015625
0 0.360938 0.017188 0.006250 0.015625
0 0.360938 0.032813 0.006250 0.015625
0 0.360938 0.048438 0.006250 0.015625
0 0.360938 0.064062 0.006250 0.015625
0 0.360938 0.079687 0.006250 0.015625
0 0.360938 0.096875 0.006250 0.015625
0 0.360938 0.112500 0.006250 0.015625
0 0.360938 0.126562 0.006250 0.015625
0 0.360938 0.142187 0.006250 0.015625
0 0.360938 0.157812 0.006250 0.015625
0 0.360938 0.173437 0.006250 0.015625
0 0.360938 0.189062 0.006250 0.015625
0 0.360938 0.204687 0.006250 0.015625
0 0.360938 0.221875 0.006250 0.015625
0 0.360938 0.237500 0.006250 0.015625
0 0.360938 0.251563 0.006250 0.015625
0 0.360938 0.268750 0.006250 0.015625
0 0.360938 0.284375 0.006250 0.015625
0 0.360938 0.298438 0.006250 0.015625
0 0.360938 0.315625 0.006250 0.015625
0 0.360938 0.331250 0.006250 0.015625
0 0.360938 0.345313 0.006250 0.015625
0 0.360938 0.360938 0.006250 0.015625
0 0.360938 0.376563 0.006250 0.015625
0 0.360938 0.392188 0.006250 0.015625
0 0.360938 0.407813 0.006250 0.015625
0 0.360938 0.423438 0.006250 0.015625
0 0.360938 0.439063 0.006250 0.015625
0 0.360938 0.456250 0.006250 0.015625
0 0.360938 0.470313 0.006250 0.015625
0 0.360938 0.487500 0.006250 0.015625
0 0.360938 0.501563 0.006250 0.015625
0 0.360938 0.517188 0.006250 0.015625
0 0.360938 0.532813 0.006250 0.015625
0 0.360938 0.548438 0.006250 0.015625
0 0.360938 0.564063 0.006250 0.015625
0 0.360938 0.581250 0.006250 0.015625
0 0.360938 0.595313 0.006250 0.015625
0 0.360938 0.610938 0.006250 0.015625
0 0.376563 0.017188 0.006250 0.015625
0 0.376563 0.032813 0.006250 0.015625
0 0.376563 0.048438 0.006250 0.015625
0 0.376563 0.064062 0.006250 0.015625
0 0.376563 0.079687 0.006250 0.015625
0 0.376563 0.095312 0.006250 0.015625
0 0.376563 0.110937 0.006250 0.015625
0 0.376563 0.126562 0.006250 0.015625
0 0.376563 0.143750 0.006250 0.015625
0 0.376563 0.159375 0.006250 0.015625
0 0.376563 0.173437 0.006250 0.015625
0 0.376563 0.189062 0.006250 0.015625
0 0.376563 0.206250 0.006250 0.015625
0 0.376563 0.221875 0.006250 0.015625
0 0.376563 0.237500 0.006250 0.015625
0 0.376563 0.253125 0.006250 0.015625
0 0.376563 0.268750 0.006250 0.015625
0 0.376563 0.284375 0.006250 0.015625
0 0.376563 0.298438 0.006250 0.015625
0 0.376563 0.314063 0.006250 0.015625
0 0.376563 0.331250 0.006250 0.015625
0 0.376563 0.346875 0.006250 0.015625
0 0.376563 0.362500 0.006250 0.015625
0 0.376563 0.378125 0.006250 0.015625
0 0.376563 0.392188 0.006250 0.015625
0 0.376563 0.407813 0.006250 0.015625
0 0.376563 0.423438 0.006250 0.015625
0 0.376563 0.440625 0.006250 0.015625
0 0.376563 0.454688 0.006250 0.015625
0 0.376563 0.470313 0.006250 0.015625
0 0.376563 0.485938 0.006250 0.015625
0 0.376563 0.501563 0.006250 0.015625
0 0.376563 0.518750 0.006250 0.015625
0 0.376563 0.534375 0.006250 0.015625
0 0.376563 0.548438 0.006250 0.015625
0 0.376563 0.564063 0.006250 0.015625
0 0.376563 0.579688 0.006250 0.015625
0 0.376563 0.595313 0.006250 0.015625
0 0.376563 0.610938 0.006250 0.015625
0 0.392188 0.017188 0.006250 0.015625
0 0.392188 0.032813 0.006250 0.015625
0 0.392188 0.048438 0.006250 0.015625
0 0.392188 0.064062 0.006250 0.015625
0 0.392188 0.079687 0.006250 0.015625
0 0.392188 0.095312 0.006250 0.015625
0 0.392188 0.110937 0.006250 0.015625
0 0.392188 0.126562 0.006250 0.015625
0 0.392188 0.142187 0.006250 0.015625
0 0.392188 0.157812 0.006250 0.015625
0 0.392188 0.173437 0.006250 0.015625
0 0.392188 0.189062 0.006250 0.015625
0 0.392188 0.204687 0.006250 0.015625
0 0.392188 0.220312 0.006250 0.015625
0 0.392188 0.235937 0.006250 0.015625
0 0.392188 0.253125 0.006250 0.015625
0 0.392188 0.267188 0.006250 0.015625
0 0.392188 0.282813 0.006250 0.015625
0 0.392188 0.300000 0.006250 0.015625
0 0.392188 0.314063 0.006250 0.015625
0 0.392188 0.329688 0.006250 0.015625
0 0.392188 0.345313 0.006250 0.015625
0 0.392188 0.360938 0.006250 0.015625
0 0.392188 0.376563 0.006250 0.015625
0 0.392188 0.393750 0.006250 0.015625
0 0.392188 0.407813 0.006250 0.015625
0 0.392188 0.423438 0.006250 0.015625
0 0.392188 0.439063 0.006250 0.015625
0 0.392188 0.456250 0.006250 0.015625
0 0.392188 0.470313 0.006250 0.015625
0 0.392188 0.487500 0.006250 0.015625
0 0.392188 0.501563 0.006250 0.015625
0 0.392188 0.517188 0.006250 0.015625
0 0.392188 0.532813 0.006250 0.015625
0 0.392188 0.550000 0.006250 0.015625
0 0.392188 0.564063 0.006250 0.015625
0 0.392188 0.579688 0.006250 0.015625
0 0.392188 0.595313 0.006250 0.015625
0 0.392188 0.612500 0.006250 0.015625
0 0.407813 0.017188 0.006250 0.015625
0 0.407813 0.032813 0.006250 0.015625
0 0.407813 0.048438 0.006250 0.015625
0 0.407813 0.065625 0.006250 0.015625
0 0.407813 0.081250 0.006250 0.015625
0 0.407813 0.096875 0.006250 0.015625
0 0.407813 0.112500 0.006250 0.015625
0 0.407813 0.126562 0.006250 0.015625
0 0.407813 0.142187 0.006250 0.015625
0 0.407813 0.157812 0.006250 0.015625
0 0.407813 0.173437 0.006250 0.015625
0 0.407813 0.190625 0.006250 0.015625
0 0.407813 0.204687 0.006250 0.015625
0 0.407813 0.221875 0.006250 0.015625
0 0.407813 0.235937 0.006250 0.015625
0 0.407813 0.253125 0.006250 0.015625
0 0.407813 0.267188 0.006250 0.015625
0 0.407813 0.282813 0.006250 0.015625
0 0.407813 0.298438 0.006250 0.015625
0 0.407813 0.315625 0.006250 0.015625
0 0.407813 0.329688 0.006250 0.015625
0 0.407813 0.345313 0.006250 0.015625
0 0.407813 0.360938 0.006250 0.015625
0 0.407813 0.378125 0.006250 0.015625
0 0.407813 0.392188 0.006250 0.015625
0 0.407813 0.407813 0.006250 0.015625
0 0.407813 0.423438 0.006250 0.015625
0 0.407813 0.439063 0.006250 0.015625
0 0.407813 0.454688 0.006250 0.015625
0 0.407813 0.471875 0.006250 0.015625
0 0.407813 0.485938 0.006250 0.015625
0 0.407813 0.503125 0.006250 0.015625
0 0.407813 0.518750 0.006250 0.015625
0 0.407813 0.532813 0.006250 0.015625
0 0.407813 0.548438 0.006250 0.015625
0 0.407813 0.564063 0.006250 0.015625
0 0.407813 0.579688 0.006250 0.015625
0 0.407813 0.595313 0.006250 0.015625
0 0.407813 0.610938 0.006250 0.015625
0 0.423438 0.017188 0.006250 0.015625
0 0.423438 0.032813 0.006250 0.015625
0 0.423438 0.048438 0.006250 0.015625
0 0.423438 0.065625 0.006250 0.015625
0 0.423438 0.079687 0.006250 0.015625
0 0.423438 0.095312 0.006250 0.015625
0 0.423438 0.110937 0.006250 0.015625
0 0.423438 0.126562 0.006250 0.015625
0 0.423438 0.143750 0.006250 0.015625
0 0.423438 0.159375 0.006250 0.015625
0 0.423438 0.173437 0.006250 0.015625
0 0.423438 0.190625 0.006250 0.015625
0 0.423438 0.204687 0.006250 0.015625
0 0.423438 0.221875 0.006250 0.015625
0 0.423438 0.237500 0.006250 0.015625
0 0.423438 0.253125 0.006250 0.015625
0 0.423438 0.267188 0.006250 0.015625
0 0.423438 0.284375 0.006250 0.015625
0 0.423438 0.298438 0.006250 0.015625
0 0.423438 0.314063 0.006250 0.015625
0 0.423438 0.329688 0.006250 0.015625
0 0.423438 0.345313 0.006250 0.015625
0 0.423438 0.362500 0.006250 0.015625
0 0.423438 0.378125 0.006250 0.015625
0 0.423438 0.392188 0.006250 0.015625
0 0.423438 0.409375 0.006250 0.015625
0 0.423438 0.423438 0.006250 0.015625
0 0.423438 0.439063 0.006250 0.015625
0 0.423438 0.454688 0.006250 0.015625
0 0.423438 0.471875 0.006250 0.015625
0 0.423438 0.487500 0.006250 0.015625
0 0.423438 0.503125 0.006250 0.015625
0 0.423438 0.517188 0.006250 0.015625
0 0.423438 0.534375 0.006250 0.015625
0 0.423438 0.548438 0.006250 0.015625
0 0.423438 0.564063 0.006250 0.015625
0 0.423438 0.579688 0.006250 0.015625
0 0.423438 0.595313 0.006250 0.015625
0 0.423438 0.610938 0.006250 0.015625
0 0.439063 0.017188 0.006250 0.015625
0 0.439063 0.032813 0.006250 0.015625
0 0.439063 0.048438 0.006250 0.015625
0 0.439063 0.064062 0.006250 0.015625
0 0.439063 0.079687 0.006250 0.015625
0 0.439063 0.095312 0.006250 0.015625
0 0.439063 0.112500 0.006250 0.015625
0 0.439063 0.128125 0.006250 0.015625
0 0.439063 0.143750 0.006250 0.015625
0 0.439063 0.157812 0.006250 0.015625
0 0.439063 0.173437 0.006250 0.015625
0 0.439063 0.189062 0.006250 0.015625
0 0.439063 0.206250 0.006250 0.015625
0 0.439063 0.221875 0.006250 0.015625
0 0.439063 0.235937 0.006250 0.015625
0 0.439063 0.253125 0.006250 0.015625
0 0.439063 0.268750 0.006250 0.015625
0 0.439063 0.282813 0.006250 0.015625
0 0.439063 0.300000 0.006250 0.015625
0 0.439063 0.315625 0.006250 0.015625
0 0.439063 0.331250 0.006250 0.015625
0 0.439063 0.345313 0.006250 0.015625
0 0.439063 0.360938 0.006250 0.015625
0 0.439063 0.378125 0.006250 0.015625
0 0.439063 0.392188 0.006250 0.015625
0 0.439063 0.407813 0.006250 0.015625
0 0.439063 0.423438 0.006250 0.015625
0 0.439063 0.439063 0.006250 0.015625
0 0.439063 0.454688 0.006250 0.015625
0 0.439063 0.471875 0.006250 0.015625
0 0.439063 0.487500 0.006250 0.015625
0 0.439063 0.501563 0.006250 0.015625
0 0.439063 0.517188 0.006250 0.015625
0 0.439063 0.532813 0.006250 0.015625
0 0.439063 0.550000 0.006250 0.015625
0 0.439063 0.564063 0.006250 0.015625
0 0.439063 0.579688 0.006250 0.015625
0 0.439063 0.595313 0.006250 0.015625
0 0.439063 0.610938 0.006250 0.015625
0 0.454688 0.017188 0.006250 0.015625
0 0.454688 0.032813 0.006250 0.015625
0 0.454688 0.048438 0.006250 0.015625
0 0.454688 0.064062 0.006250 0.015625
0 0.454688 0.079687 0.006250 0.015625
0 0.454688 0.095312 0.006250 0.015625
0 0.454688 0.112500 0.006250 0.015625
0 0.454688 0.126562 0.006250 0.015625
0 0.454688 0.142187 0.006250 0.015625
0 0.454688 0.157812 0.006250 0.015625
0 0.454688 0.173437 0.006250 0.015625
0 0.454688 0.190625 0.006250 0.015625
0 0.454688 0.206250 0.006250 0.015625
0 0.454688 0.220312 0.006250 0.015625
0 0.454688 0.235937 0.006250 0.015625
0 0.454688 0.251563 0.006250 0.015625
0 0.454688 0.267188 0.006250 0.015625
0 0.454688 0.282813 0.006250 0.015625
0 0.454688 0.298438 0.006250 0.015625
0 0.454688 0.314063 0.006250 0.015625
0 0.454688 0.331250 0.006250 0.015625
0 0.454688 0.345313 0.006250 0.015625
0 0.454688 0.360938 0.006250 0.015625
0 0.454688 0.376563 0.006250 0.015625
0 0.454688 0.392188 0.006250 0.015625
0 0.454688 0.407813 0.006250 0.015625
0 0.454688 0.423438 0.006250 0.015625
0 0.454688 0.440625 0.006250 0.015625
0 0.454688 0.456250 0.006250 0.015625
0 0.454688 0.471875 0.006250 0.015625
0 0.454688 0.487500 0.006250 0.015625
0 0.454688 0.501563 0.006250 0.015625
0 0.454688 0.518750 0.006250 0.015625
0 0.454688 0.534375 0.006250 0.015625
0 0.454688 0.548438 0.006250 0.015625
0 0.454688 0.565625 0.006250 0.015625
0 0.454688 0.581250 0.006250 0.015625
0 0.454688 0.596875 0.006250 0.015625
0 0.454688 0.612500 0.006250 0.015625
0 0.470313 0.017188 0.006250 0.015625
0 0.470313 0.032813 0.006250 0.015625
0 0.470313 0.048438 0.006250 0.015625
0 0.470313 0.064062 0.006250 0.015625
0 0.470313 0.079687 0.006250 0.015625
0 0.470313 0.095312 0.006250 0.015625
0 0.470313 0.110937 0.006250 0.015625
0 0.470313 0.126562 0.006250 0.015625
0 0.470313 0.142187 0.006250 0.015625
0 0.470313 0.159375 0.006250 0.015625
0 0.470313 0.175000 0.006250 0.015625
0 0.470313 0.189062 0.006250 0.015625
0 0.470313 0.204687 0.006250 0.015625
0 0.470313 0.220312 0.006250 0.015625
0 0.470313 0.237500 0.006250 0.015625
0 0.470313 0.251563 0.006250 0.015625
0 0.470313 0.267188 0.006250 0.015625
0 0.470313 0.282813 0.006250 0.015625
0 0.470313 0.298438 0.006250 0.015625
0 0.470313 0.315625 0.006250 0.015625
0 0.470313 0.329688 0.006250 0.015625
0 0.470313 0.346875 0.006250 0.015625
0 0.470313 0.360938 0.006250 0.015625
0 0.470313 0.378125 0.006250 0.015625
0 0.470313 0.392188 0.006250 0.015625
0 0.470313 0.407813 0.006250 0.015625
0 0.470313 0.423438 0.006250 0.015625
0 0.470313 0.439063 0.006250 0.015625
0 0.470313 0.454688 0.006250 0.015625
0 0.470313 0.470313 0.006250 0.015625
0 0.470313 0.487500 0.006250 0.015625
0 0.470313 0.503125 0.006250 0.015625
0 0.470313 0.517188 0.006250 0.015625
0 0.470313 0.532813 0.006250 0.015625
0 0.470313 0.550000 0.006250 0.015625
0 0.470313 0.564063 0.006250 0.015625
0 0.470313 0.581250 0.006250 0.015625
0 0.470313 0.596875 0.006250 0.015625
0 0.470313 0.610938 0.006250 0.015625
0 0.485938 0.017188 0.006250 0.015625
0 0.485938 0.032813 0.006250 0.015625
0 0.485938 0.048438 0.006250 0.015625
0 0.485938 0.064062 0.006250 0.015625
0 0.485938 0.079687 0.006250 0.015625
0 0.485938 0.095312 0.006250 0.015625
0 0.485938 0.110937 0.006250 0.015625
0 0.485938 0.128125 0.006250 0.015625
0 0.485938 0.142187 0.006250 0.015625
0 0.485938 0.157812 0.006250 0.015625
0 0.485938 0.173437 0.006250 0.015625
0 0.485938 0.189062 0.006250 0.015625
0 0.485938 0.204687 0.006250 0.015625
0 0.485938 0.220312 0.006250 0.015625
0 0.485938 0.235937 0.006250 0.015625
0 0.485938 0.251563 0.006250 0.015625
0 0.485938 0.268750 0.006250 0.015625
0 0.485938 0.282813 0.006250 0.015625
0 0.485938 0.298438 0.006250 0.015625
0 0.485938 0.315625 0.006250 0.015625
0 0.485938 0.329688 0.006250 0.015625
0 0.485938 0.345313 0.006250 0.015625
0 0.485938 0.362500 0.006250 0.015625
0 0.485938 0.376563 0.006250 0.015625
0 0.485938 0.393750 0.006250 0.015625
0 0.485938 0.407813 0.006250 0.015625
0 0.485938 0.423438 0.006250 0.015625
0 0.485938 0.439063 0.006250 0.015625
0 0.485938 0.454688 0.006250 0.015625
0 0.485938 0.470313 0.006250 0.015625
0 0.485938 0.485938 0.006250 0.015625
0 0.485938 0.501563 0.006250 0.015625
0 0.485938 0.518750 0.006250 0.015625
0 0.485938 0.532813 0.006250 0.015625
0 0.485938 0.550000 0.006250 0.015625
0 0.485938 0.565625 0.006250 0.015625
0 0.485938 0.581250 0.006250 0.015625
0 0.485938 0.596875 0.006250 0.015625
0 0.485938 0.610938 0.006250 0.015625
0 0.501563 0.017188 0.006250 0.015625
0 0.501563 0.034375 0.006250 0.015625
0 0.501563 0.050000 0.006250 0.015625
0 0.501563 0.064062 0.006250 0.015625
0 0.501563 0.079687 0.006250 0.015625
0 0.501563 0.095312 0.006250 0.015625
0 0.501563 0.110937 0.006250 0.015625
0 0.501563 0.128125 0.006250 0.015625
0 0.501563 0.142187 0.006250 0.015625
0 0.501563 0.157812 0.006250 0.015625
0 0.501563 0.173437 0.006250 0.015625
0 0.501563 0.190625 0.006250 0.015625
0 0.501563 0.204687 0.006250 0.015625
0 0.501563 0.220312 0.006250 0.015625
0 0.501563 0.237500 0.006250 0.015625
0 0.501563 0.251563 0.006250 0.015625
0 0.501563 0.267188 0.006250 0.015625
0 0.501563 0.282813 0.006250 0.015625
0 0.501563 0.298438 0.006250 0.015625
0 0.501563 0.314063 0.006250 0.015625
0 0.501563 0.329688 0.006250 0.015625
0 0.501563 0.345313 0.006250 0.015625
0 0.501563 0.362500 0.006250 0.015625
0 0.501563 0.378125 0.006250 0.015625
0 0.501563 0.393750 0.006250 0.015625
0 0.501563 0.409375 0.006250 0.015625
0 0.501563 0.425000 0.006250 0.015625
0 0.501563 0.440625 0.006250 0.015625
0 0.501563 0.454688 0.006250 0.015625
0 0.501563 0.470313 0.006250 0.015625
0 0.501563 0.485938 0.006250 0.015625
0 0.501563 0.501563 0.006250 0.015625
0 0.501563 0.518750 0.006250 0.015625
0 0.501563 0.532813 0.006250 0.015625
0 0.501563 0.548438 0.006250 0.015625
0 0.501563 0.565625 0.006250 0.015625
0 0.501563 0.581250 0.006250 0.015625
0 0.501563 0.596875 0.006250 0.015625
0 0.501563 0.610938 0.006250 0.015625
0 0.517188 0.009375 0.006250 0.015625
0 0.517188 0.032813 0.006250 0.015625
0 0.517188 0.048438 0.006250 0.015625
0 0.517188 0.064062 0.006250 0.015625
0 0.517188 0.079687 0.006250 0.015625
0 0.517188 0.095312 0.006250 0.015625
0 0.517188 0.112500 0.006250 0.015625
0 0.517188 0.126562 0.006250 0.015625
0 0.517188 0.142187 0.006250 0.015625
0 0.517188 0.157812 0.006250 0.015625
0 0.517188 0.173437 0.006250 0.015625
0 0.517188 0.189062 0.006250 0.015625
0 0.517188 0.204687 0.006250 0.015625
0 0.517188 0.220312 0.006250 0.015625
0 0.517188 0.235937 0.006250 0.015625
0 0.517188 0.251563 0.006250 0.015625
0 0.517188 0.267188 0.006250 0.015625
0 0.517188 0.282813 0.006250 0.015625
0 0.517188 0.298438 0.006250 0.015625
0 0.517188 0.315625 0.006250 0.015625
0 0.517188 0.329688 0.006250 0.015625
0 0.517188 0.345313 0.006250 0.015625
0 0.517188 0.362500 0.006250 0.015625
0 0.517188 0.378125 0.006250 0.015625
0 0.517188 0.392188 0.006250 0.015625
0 0.517188 0.407813 0.006250 0.015625
0 0.517188 0.423438 0.006250 0.015625
0 0.517188 0.439063 0.006250 0.015625
0 0.517188 0.456250 0.006250 0.015625
0 0.517188 0.470313 0.006250 0.015625
0 0.517188 0.487500 0.006250 0.015625
0 0.517188 0.501563 0.006250 0.015625
0 0.517188 0.517188 0.006250 0.015625
0 0.517188 0.532813 0.006250 0.015625
0 0.517188 0.550000 0.006250 0.015625
0 0.517188 0.565625 0.006250 0.015625
0 0.517188 0.581250 0.006250 0.015625
0 0.517188 0.596875 0.006250 0.015625
0 0.517188 0.612500 0.006250 0.015625
0 0.532813 0.017188 0.006250 0.015625
0 0.532813 0.032813 0.006250 0.015625
0 0.532813 0.048438 0.006250 0.015625
0 0.532813 0.064062 0.006250 0.015625
0 0.532813 0.079687 0.006250 0.015625
0 0.532813 0.095312 0.006250 0.015625
0 0.532813 0.110937 0.006250 0.015625
0 0.532813 0.126562 0.006250 0.015625
0 0.532813 0.142187 0.006250 0.015625
0 0.532813 0.157812 0.006250 0.015625
0 0.532813 0.173437 0.006250 0.015625
0 0.532813 0.189062 0.006250 0.015625
0 0.532813 0.204687 0.006250 0.015625
0 0.532813 0.220312 0.006250 0.015625
0 0.532813 0.235937 0.006250 0.015625
0 0.532813 0.253125 0.006250 0.015625
0 0.532813 0.267188 0.006250 0.015625
0 0.532813 0.282813 0.006250 0.015625
0 0.532813 0.298438 0.006250 0.015625
0 0.532813 0.314063 0.006250 0.015625
0 0.532813 0.329688 0.006250 0.015625
0 0.532813 0.345313 0.006250 0.015625
0 0.532813 0.360938 0.006250 0.015625
0 0.532813 0.376563 0.006250 0.015625
0 0.532813 0.392188 0.006250 0.015625
0 0.532813 0.409375 0.006250 0.015625
0 0.532813 0.423438 0.006250 0.015625
0 0.532813 0.439063 0.006250 0.015625
0 0.532813 0.454688 0.006250 0.015625
0 0.532813 0.470313 0.006250 0.015625
0 0.532813 0.487500 0.006250 0.015625
0 0.532813 0.501563 0.006250 0.015625
0 0.532813 0.518750 0.006250 0.015625
0 0.532813 0.534375 0.006250 0.015625
0 0.532813 0.550000 0.006250 0.015625
0 0.532813 0.565625 0.006250 0.015625
0 0.532813 0.581250 0.006250 0.015625
0 0.532813 0.595313 0.006250 0.015625
0 0.532813 0.612500 0.006250 0.015625
0 0.548438 0.017188 0.006250 0.015625
0 0.548438 0.032813 0.006250 0.015625
0 0.548438 0.048438 0.006250 0.015625
0 0.548438 0.065625 0.006250 0.015625
0 0.548438 0.079687 0.006250 0.015625
0 0.548438 0.095312 0.006250 0.015625
0 0.548438 0.110937 0.006250 0.015625
0 0.548438 0.126562 0.006250 0.015625
0 0.548438 0.142187 0.006250 0.015625
0 0.548438 0.157812 0.006250 0.015625
0 0.548438 0.173437 0.006250 0.015625
0 0.548438 0.189062 0.006250 0.015625
0 0.548438 0.204687 0.006250 0.015625
0 0.548438 0.220312 0.006250 0.015625
0 0.548438 0.237500 0.006250 0.015625
0 0.548438 0.251563 0.006250 0.015625
0 0.548438 0.267188 0.006250 0.015625
0 0.548438 0.282813 0.006250 0.015625
0 0.548438 0.298438 0.006250 0.015625
0 0.548438 0.315625 0.006250 0.015625
0 0.548438 0.331250 0.006250 0.015625
0 0.548438 0.345313 0.006250 0.015625
0 0.548438 0.360938 0.006250 0.015625
0 0.548438 0.376563 0.006250 0.015625
0 0.548438 0.393750 0.006250 0.015625
0 0.548438 0.407813 0.006250 0.015625
0 0.548438 0.423438 0.006250 0.015625
0 0.548438 0.440625 0.006250 0.015625
0 0.548438 0.456250 0.006250 0.015625
0 0.548438 0.471875 0.006250 0.015625
0 0.548438 0.485938 0.006250 0.015625
0 0.548438 0.501563 0.006250 0.015625
0 0.548438 0.518750 0.006250 0.015625
0 0.548438 0.534375 0.006250 0.015625
0 0.548438 0.550000 0.006250 0.015625
0 0.548438 0.565625 0.006250 0.015625
0 0.548438 0.581250 0.006250 0.015625
0 0.548438 0.595313 0.006250 0.015625
0 0.548438 0.612500 0.006250 0.015625
0 0.564063 0.017188 0.006250 0.015625
0 0.564063 0.032813 0.006250 0.015625
0 0.564063 0.048438 0.006250 0.015625
0 0.564063 0.064062 0.006250 0.015625
0 0.564063 0.079687 0.006250 0.015625
0 0.564063 0.095312 0.006250 0.015625
0 0.564063 0.110937 0.006250 0.015625
0 0.564063 0.126562 0.006250 0.015625
0 0.564063 0.142187 0.006250 0.015625
0 0.564063 0.159375 0.006250 0.015625
0 0.564063 0.173437 0.006250 0.015625
0 0.564063 0.189062 0.006250 0.015625
0 0.564063 0.204687 0.006250 0.015625
0 0.564063 0.220312 0.006250 0.015625
0 0.564063 0.237500 0.006250 0.015625
0 0.564063 0.251563 0.006250 0.015625
0 0.564063 0.267188 0.006250 0.015625
0 0.564063 0.282813 0.006250 0.015625
0 0.564063 0.298438 0.006250 0.015625
0 0.564063 0.314063 0.006250 0.015625
0 0.564063 0.331250 0.006250 0.015625
0 0.564063 0.345313 0.006250 0.015625
0 0.564063 0.360938 0.006250 0.015625
0 0.564063 0.378125 0.006250 0.015625
0 0.564063 0.393750 0.006250 0.015625
0 0.564063 0.407813 0.006250 0.015625
0 0.564063 0.423438 0.006250 0.015625
0 0.564063 0.439063 0.006250 0.015625
0 0.564063 0.456250 0.006250 0.015625
0 0.564063 0.471875 0.006250 0.015625
0 0.564063 0.487500 0.006250 0.015625
0 0.564063 0.501563 0.006250 0.015625
0 0.564063 0.517188 0.006250 0.015625
0 0.564063 0.532813 0.006250 0.015625
0 0.564063 0.548438 0.006250 0.015625
0 0.564063 0.564063 0.006250 0.015625
0 0.564063 0.581250 0.006250 0.015625
0 0.564063 0.595313 0.006250 0.015625
0 0.564063 0.610938 0.006250 0.015625
0 0.579688 0.017188 0.006250 0.015625
0 0.579688 0.032813 0.006250 0.015625
0 0.579688 0.048438 0.006250 0.015625
0 0.579688 0.064062 0.006250 0.015625
0 0.579688 0.079687 0.006250 0.015625
0 0.579688 0.096875 0.006250 0.015625
0 0.579688 0.110937 0.006250 0.015625
0 0.579688 0.126562 0.006250 0.015625
0 0.579688 0.142187 0.006250 0.015625
0 0.579688 0.157812 0.006250 0.015625
0 0.579688 0.173437 0.006250 0.015625
0 0.579688 0.189062 0.006250 0.015625
0 0.579688 0.204687 0.006250 0.015625
0 0.579688 0.220312 0.006250 0.015625
0 0.579688 0.235937 0.006250 0.015625
0 0.579688 0.251563 0.006250 0.015625
0 0.579688 0.267188 0.006250 0.015625
0 0.579688 0.282813 0.006250 0.015625
0 0.579688 0.298438 0.006250 0.015625
0 0.579688 0.315625 0.006250 0.015625
0 0.579688 0.329688 0.006250 0.015625
0 0.579688 0.346875 0.006250 0.015625
0 0.579688 0.360938 0.006250 0.015625
0 0.579688 0.378125 0.006250 0.015625
0 0.579688 0.392188 0.006250 0.015625
0 0.579688 0.409375 0.006250 0.015625
0 0.579688 0.425000 0.006250 0.015625
0 0.579688 0.440625 0.006250 0.015625
0 0.579688 0.454688 0.006250 0.015625
0 0.579688 0.471875 0.006250 0.015625
0 0.579688 0.485938 0.006250 0.015625
0 0.579688 0.503125 0.006250 0.015625
0 0.579688 0.517188 0.006250 0.015625
0 0.579688 0.532813 0.006250 0.015625
0 0.579688 0.548438 0.006250 0.015625
0 0.579688 0.564063 0.006250 0.015625
0 0.579688 0.581250 0.006250 0.015625
0 0.579688 0.595313 0.006250 0.015625
0 0.579688 0.612500 0.006250 0.015625
0 0.595313 0.017188 0.006250 0.015625
0 0.595313 0.032813 0.006250 0.015625
0 0.595313 0.048438 0.006250 0.015625
0 0.595313 0.064062 0.006250 0.015625
0 0.595313 0.079687 0.006250 0.015625
0 0.595313 0.095312 0.006250 0.015625
0 0.595313 0.112500 0.006250 0.015625
0 0.595313 0.126562 0.006250 0.015625
0 0.595313 0.142187 0.006250 0.015625
0 0.595313 0.157812 0.006250 0.015625
0 0.595313 0.173437 0.006250 0.015625
0 0.595313 0.189062 0.006250 0.015625
0 0.595313 0.204687 0.006250 0.015625
0 0.595313 0.220312 0.006250 0.015625
0 0.595313 0.235937 0.006250 0.015625
0 0.595313 0.251563 0.006250 0.015625
0 0.595313 0.267188 0.006250 0.015625
0 0.595313 0.282813 0.006250 0.015625
0 0.595313 0.298438 0.006250 0.015625
0 0.595313 0.314063 0.006250 0.015625
0 0.595313 0.329688 0.006250 0.015625
0 0.595313 0.345313 0.006250 0.015625
0 0.595313 0.360938 0.006250 0.015625
0 0.595313 0.378125 0.006250 0.015625
0 0.595313 0.392188 0.006250 0.015625
0 0.595313 0.407813 0.006250 0.015625
0 0.595313 0.425000 0.006250 0.015625
0 0.595313 0.439063 0.006250 0.015625
0 0.595313 0.456250 0.006250 0.015625
0 0.595313 0.471875 0.006250 0.015625
0 0.595313 0.485938 0.006250 0.015625
0 0.595313 0.503125 0.006250 0.015625
0 0.595313 0.518750 0.006250 0.015625
0 0.595313 0.534375 0.006250 0.015625
0 0.595313 0.548438 0.006250 0.015625
0 0.595313 0.565625 0.006250 0.015625
0 0.595313 0.581250 0.006250 0.015625
0 0.595313 0.596875 0.006250 0.015625
0 0.595313 0.612500 0.006250 0.015625
0 0.610938 0.017188 0.006250 0.015625
0 0.610938 0.032813 0.006250 0.015625
0 0.610938 0.048438 0.006250 0.015625
0 0.610938 0.064062 0.006250 0.015625
0 0.610938 0.079687 0.006250 0.015625
0 0.610938 0.095312 0.006250 0.015625
0 0.610938 0.110937 0.006250 0.015625
0 0.610938 0.126562 0.006250 0.015625
0 0.610938 0.142187 0.006250 0.015625
0 0.610938 0.159375 0.006250 0.015625
0 0.610938 0.173437 0.006250 0.015625
0 0.610938 0.189062 0.006250 0.015625
0 0.610938 0.206250 0.006250 0.015625
0 0.610938 0.220312 0.006250 0.015625
0 0.610938 0.235937 0.006250 0.015625
0 0.610938 0.251563 0.006250 0.015625
0 0.610938 0.267188 0.006250 0.015625
0 0.610938 0.282813 0.006250 0.015625
0 0.610938 0.298438 0.006250 0.015625
0 0.610938 0.314063 0.006250 0.015625
0 0.610938 0.329688 0.006250 0.015625
0 0.610938 0.345313 0.006250 0.015625
0 0.610938 0.360938 0.006250 0.015625
0 0.610938 0.378125 0.006250 0.015625
0 0.610938 0.392188 0.006250 0.015625
0 0.610938 0.407813 0.006250 0.015625
0 0.610938 0.423438 0.006250 0.015625
0 0.610938 0.440625 0.006250 0.015625
0 0.610938 0.454688 0.006250 0.015625
0 0.610938 0.471875 0.006250 0.015625
0 0.610938 0.485938 0.006250 0.015625
0 0.610938 0.501563 0.006250 0.015625
0 0.610938 0.517188 0.006250 0.015625
0 0.610938 0.534375 0.006250 0.015625
0 0.610938 0.548438 0.006250 0.015625
0 0.610938 0.564063 0.006250 0.015625
0 0.610938 0.581250 0.006250 0.015625
0 0.610938 0.596875 0.006250 0.015625
0 0.610938 0.610938 0.006250 0.015625
0 0.626563 0.017188 0.006250 0.015625
0 0.626563 0.032813 0.006250 0.015625
0 0.626563 0.048438 0.006250 0.015625
0 0.626563 0.064062 0.006250 0.015625
0 0.626563 0.079687 0.006250 0.015625
0 0.626563 0.095312 0.006250 0.015625
0 0.626563 0.110937 0.006250 0.015625
0 0.626563 0.126562 0.006250 0.015625
0 0.626563 0.142187 0.006250 0.015625
0 0.626563 0.159375 0.006250 0.015625
0 0.626563 0.173437 0.006250 0.015625
0 0.626563 0.190625 0.006250 0.015625
0 0.626563 0.204687 0.006250 0.015625
0 0.626563 0.220312 0.006250 0.015625
0 0.626563 0.235937 0.006250 0.015625
0 0.626563 0.251563 0.006250 0.015625
0 0.626563 0.267188 0.006250 0.015625
0 0.626563 0.282813 0.006250 0.015625
0 0.626563 0.298438 0.006250 0.015625
0 0.626563 0.315625 0.006250 0.015625
0 0.626563 0.329688 0.006250 0.015625
0 0.626563 0.346875 0.006250 0.015625
0 0.626563 0.360938 0.006250 0.015625
0 0.626563 0.376563 0.006250 0.015625
0 0.626563 0.392188 0.006250 0.015625
0 0.626563 0.407813 0.006250 0.015625
0 0.626563 0.425000 0.006250 0.015625
0 0.626563 0.439063 0.006250 0.015625
0 0.626563 0.454688 0.006250 0.015625
0 0.626563 0.471875 0.006250 0.015625
0 0.626563 0.487500 0.006250 0.015625
0 0.626563 0.501563 0.006250 0.015625
0 0.626563 0.518750 0.006250 0.015625
0 0.626563 0.534375 0.006250 0.015625
0 0.626563 0.550000 0.006250 0.015625
0 0.626563 0.565625 0.006250 0.015625
0 0.626563 0.579688 0.006250 0.015625
0 0.626563 0.595313 0.006250 0.015625
0 0.626563 0.612500 0.006250 0.015625
0 0.642188 0.017188 0.006250 0.015625
0 0.642188 0.032813 0.006250 0.015625
0 0.642188 0.048438 0.006250 0.015625
0 0.642188 0.064062 0.006250 0.015625
0 0.642188 0.079687 0.006250 0.015625
0 0.642188 0.095312 0.006250 0.015625
0 0.642188 0.112500 0.006250 0.015625
0 0.642188 0.126562 0.006250 0.015625
0 0.642188 0.142187 0.006250 0.015625
0 0.642188 0.159375 0.006250 0.015625
0 0.642188 0.173437 0.006250 0.015625
0 0.642188 0.189062 0.006250 0.015625
0 0.642188 0.204687 0.006250 0.015625
0 0.642188 0.220312 0.006250 0.015625
0 0.642188 0.237500 0.006250 0.015625
0 0.642188 0.251563 0.006250 0.015625
0 0.642188 0.267188 0.006250 0.015625
0 0.642188 0.282813 0.006250 0.015625
0 0.642188 0.298438 0.006250 0.015625
0 0.642188 0.314063 0.006250 0.015625
0 0.642188 0.329688 0.006250 0.015625
0 0.642188 0.345313 0.006250 0.015625
0 0.642188 0.362500 0.006250 0.015625
0 0.642188 0.376563 0.006250 0.015625
0 0.642188 0.392188 0.006250 0.015625
0 0.642188 0.407813 0.006250 0.015625
0 0.642188 0.425000 0.006250 0.015625
0 0.642188 0.439063 0.006250 0.015625
0 0.642188 0.454688 0.006250 0.015625
0 0.642188 0.470313 0.006250 0.015625
0 0.642188 0.487500 0.006250 0.015625
0 0.642188 0.501563 0.006250 0.015625
0 0.642188 0.517188 0.006250 0.015625
0 0.642188 0.532813 0.006250 0.015625
0 0.642188 0.550000 0.006250 0.015625
0 0.642188 0.564063 0.006250 0.015625
0 0.642188 0.581250 0.006250 0.015625
0 0.642188 0.596875 0.006250 0.015625
0 0.642188 0.612500 0.006250 0.015625
0 0.657813 0.017188 0.006250 0.015625
0 0.657813 0.032813 0.006250 0.015625
0 0.657813 0.050000 0.006250 0.015625
0 0.657813 0.064062 0.006250 0.015625
0 0.657813 0.079687 0.006250 0.015625
0 0.657813 0.095312 0.006250 0.015625
0 0.657813 0.110937 0.006250 0.015625
0 0.657813 0.128125 0.006250 0.015625
0 0.657813 0.142187 0.006250 0.015625
0 0.657813 0.159375 0.006250 0.015625
0 0.657813 0.175000 0.006250 0.015625
0 0.657813 0.189062 0.006250 0.015625
0 0.657813 0.204687 0.006250 0.015625
0 0.657813 0.220312 0.006250 0.015625
0 0.657813 0.235937 0.006250 0.015625
0 0.657813 0.251563 0.006250 0.015625
0 0.657813 0.267188 0.006250 0.015625
0 0.657813 0.282813 0.006250 0.015625
0 0.657813 0.298438 0.006250 0.015625
0 0.657813 0.314063 0.006250 0.015625
0 0.657813 0.329688 0.006250 0.015625
0 0.657813 0.345313 0.006250 0.015625
0 0.657813 0.360938 0.006250 0.015625
0 0.657813 0.378125 0.006250 0.015625
0 0.657813 0.392188 0.006250 0.015625
0 0.657813 0.407813 0.006250 0.015625
0 0.657813 0.423438 0.006250 0.015625
0 0.657813 0.439063 0.006250 0.015625
0 0.657813 0.456250 0.006250 0.015625
0 0.657813 0.470313 0.006250 0.015625
0 0.657813 0.485938 0.006250 0.015625
0 0.657813 0.503125 0.006250 0.015625
0 0.657813 0.517188 0.006250 0.015625
0 0.657813 0.532813 0.006250 0.015625
0 0.657813 0.548438 0.006250 0.015625
0 0.657813 0.565625 0.006250 0.015625
0 0.657813 0.581250 0.006250 0.015625
0 0.657813 0.596875 0.006250 0.015625
0 0.657813 0.612500 0.006250 0.015625
0 0.673438 0.017188 0.006250 0.015625
0 0.673438 0.034375 0.006250 0.015625
0 0.673438 0.048438 0.006250 0.015625
0 0.673438 0.064062 0.006250 0.015625
0 0.673438 0.079687 0.006250 0.015625
0 0.673438 0.095312 0.006250 0.015625
0 0.673438 0.110937 0.006250 0.015625
0 0.673438 0.126562 0.006250 0.015625
0 0.673438 0.173437 0.006250 0.015625
0 0.673438 0.189062 0.006250 0.015625
0 0.673438 0.206250 0.006250 0.015625
0 0.673438 0.221875 0.006250 0.015625
0 0.673438 0.235937 0.006250 0.015625
0 0.673438 0.251563 0.006250 0.015625
0 0.673438 0.267188 0.006250 0.015625
0 0.673438 0.282813 0.006250 0.015625
0 0.673438 0.298438 0.006250 0.015625
0 0.673438 0.314063 0.006250 0.015625
0 0.673438 0.329688 0.006250 0.015625
0 0.673438 0.345313 0.006250 0.015625
0 0.673438 0.360938 0.006250 0.015625
0 0.673438 0.376563 0.006250 0.015625
0 0.673438 0.392188 0.006250 0.015625
0 0.673438 0.409375 0.006250 0.015625
0 0.673438 0.423438 0.006250 0.015625
0 0.673438 0.439063 0.006250 0.015625
0 0.673438 0.454688 0.006250 0.015625
0 0.673438 0.470313 0.006250 0.015625
0 0.673438 0.485938 0.006250 0.015625
0 0.673438 0.501563 0.006250 0.015625
0 0.673438 0.517188 0.006250 0.015625
0 0.673438 0.534375 0.006250 0.015625
0 0.673438 0.548438 0.006250 0.015625
0 0.673438 0.565625 0.006250 0.015625
0 0.673438 0.579688 0.006250 0.015625
0 0.673438 0.596875 0.006250 0.015625
0 0.673438 0.612500 0.006250 0.015625
0 0.689063 0.017188 0.006250 0.015625
0 0.689063 0.032813 0.006250 0.015625
0 0.689063 0.048438 0.006250 0.015625
0 0.689063 0.064062 0.006250 0.015625
0 0.689063 0.079687 0.006250 0.015625
0 0.689063 0.095312 0.006250 0.015625
0 0.689063 0.112500 0.006250 0.015625
0 0.689063 0.126562 0.006250 0.015625
0 0.689063 0.142187 0.006250 0.015625
0 0.689063 0.157812 0.006250 0.015625
0 0.689063 0.173437 0.006250 0.015625
0 0.689063 0.190625 0.006250 0.015625
0 0.690625 0.204687 0.006250 0.015625
0 0.689063 0.221875 0.006250 0.015625
0 0.689063 0.235937 0.006250 0.015625
0 0.689063 0.251563 0.006250 0.015625
0 0.689063 0.267188 0.006250 0.015625
0 0.689063 0.282813 0.006250 0.015625
0 0.689063 0.298438 0.006250 0.015625
0 0.689063 0.314063 0.006250 0.015625
0 0.689063 0.329688 0.006250 0.015625
0 0.689063 0.345313 0.006250 0.015625
0 0.689063 0.360938 0.006250 0.015625
0 0.689063 0.376563 0.006250 0.015625
0 0.689063 0.393750 0.006250 0.015625
0 0.689063 0.407813 0.006250 0.015625
0 0.689063 0.425000 0.006250 0.015625
0 0.689063 0.439063 0.006250 0.015625
0 0.689063 0.454688 0.006250 0.015625
0 0.689063 0.471875 0.006250 0.015625
0 0.689063 0.487500 0.006250 0.015625
0 0.689063 0.501563 0.006250 0.015625
0 0.689063 0.517188 0.006250 0.015625
0 0.689063 0.534375 0.006250 0.015625
0 0.689063 0.548438 0.006250 0.015625
0 0.689063 0.564063 0.006250 0.015625
0 0.689063 0.581250 0.006250 0.015625
0 0.689063 0.596875 0.006250 0.015625
0 0.689063 0.612500 0.006250 0.015625
0 0.704688 0.017188 0.006250 0.015625
0 0.704688 0.032813 0.006250 0.015625
0 0.704688 0.048438 0.006250 0.015625
0 0.704688 0.064062 0.006250 0.015625
0 0.704688 0.079687 0.006250 0.015625
0 0.704688 0.095312 0.006250 0.015625
0 0.704688 0.110937 0.006250 0.015625
0 0.704688 0.126562 0.006250 0.015625
0 0.704688 0.142187 0.006250 0.015625
0 0.704688 0.157812 0.006250 0.015625
0 0.704688 0.175000 0.006250 0.015625
0 0.704688 0.189062 0.006250 0.015625
0 0.704688 0.204687 0.006250 0.015625
0 0.704688 0.220312 0.006250 0.015625
0 0.704688 0.235937 0.006250 0.015625
0 0.704688 0.251563 0.006250 0.015625
0 0.704688 0.267188 0.006250 0.015625
0 0.704688 0.282813 0.006250 0.015625
0 0.704688 0.298438 0.006250 0.015625
0 0.704688 0.314063 0.006250 0.015625
0 0.704688 0.329688 0.006250 0.015625
0 0.704688 0.345313 0.006250 0.015625
0 0.704688 0.360938 0.006250 0.015625
0 0.704688 0.376563 0.006250 0.015625
0 0.704688 0.392188 0.006250 0.015625
0 0.704688 0.407813 0.006250 0.015625
0 0.704688 0.423438 0.006250 0.015625
0 0.704688 0.439063 0.006250 0.015625
0 0.704688 0.454688 0.006250 0.015625
0 0.704688 0.471875 0.006250 0.015625
0 0.704688 0.487500 0.006250 0.015625
0 0.704688 0.501563 0.006250 0.015625
0 0.704688 0.517188 0.006250 0.015625
0 0.704688 0.534375 0.006250 0.015625
0 0.704688 0.548438 0.006250 0.015625
0 0.704688 0.565625 0.006250 0.015625
0 0.704688 0.581250 0.006250 0.015625
0 0.704688 0.596875 0.006250 0.015625
0 0.704688 0.612500 0.006250 0.015625
0 0.720313 0.017188 0.006250 0.015625
0 0.720313 0.032813 0.006250 0.015625
0 0.720313 0.048438 0.006250 0.015625
0 0.720313 0.064062 0.006250 0.015625
0 0.720313 0.079687 0.006250 0.015625
0 0.720313 0.095312 0.006250 0.015625
0 0.720313 0.110937 0.006250 0.015625
0 0.720313 0.126562 0.006250 0.015625
0 0.720313 0.142187 0.006250 0.015625
0 0.720313 0.157812 0.006250 0.015625
0 0.720313 0.173437 0.006250 0.015625
0 0.720313 0.190625 0.006250 0.015625
0 0.720313 0.204687 0.006250 0.015625
0 0.720313 0.220312 0.006250 0.015625
0 0.720313 0.235937 0.006250 0.015625
0 0.720313 0.253125 0.006250 0.015625
0 0.720313 0.267188 0.006250 0.015625
0 0.720313 0.284375 0.006250 0.015625
0 0.720313 0.298438 0.006250 0.015625
0 0.720313 0.315625 0.006250 0.015625
0 0.720313 0.329688 0.006250 0.015625
0 0.720313 0.345313 0.006250 0.015625
0 0.720313 0.360938 0.006250 0.015625
0 0.720313 0.378125 0.006250 0.015625
0 0.720313 0.392188 0.006250 0.015625
0 0.720313 0.409375 0.006250 0.015625
0 0.720313 0.425000 0.006250 0.015625
0 0.720313 0.439063 0.006250 0.015625
0 0.720313 0.454688 0.006250 0.015625
0 0.720313 0.470313 0.006250 0.015625
0 0.720313 0.485938 0.006250 0.015625
0 0.720313 0.501563 0.006250 0.015625
0 0.720313 0.517188 0.006250 0.015625
0 0.720313 0.532813 0.006250 0.015625
0 0.720313 0.548438 0.006250 0.015625
0 0.720313 0.564063 0.006250 0.015625
0 0.720313 0.579688 0.006250 0.015625
0 0.720313 0.596875 0.006250 0.015625
0 0.720313 0.612500 0.006250 0.015625
0 0.735938 0.017188 0.006250 0.015625
0 0.735938 0.032813 0.006250 0.015625
0 0.735938 0.048438 0.006250 0.015625
0 0.735938 0.064062 0.006250 0.015625
0 0.735938 0.079687 0.006250 0.015625
0 0.735938 0.096875 0.006250 0.015625
0 0.735938 0.112500 0.006250 0.015625
0 0.735938 0.126562 0.006250 0.015625
0 0.735938 0.142187 0.006250 0.015625
0 0.735938 0.159375 0.006250 0.015625
0 0.735938 0.173437 0.006250 0.015625
0 0.735938 0.189062 0.006250 0.015625
0 0.735938 0.204687 0.006250 0.015625
0 0.735938 0.220312 0.006250 0.015625
0 0.735938 0.235937 0.006250 0.015625
0 0.735938 0.253125 0.006250 0.015625
0 0.735938 0.268750 0.006250 0.015625
0 0.735938 0.282813 0.006250 0.015625
0 0.735938 0.298438 0.006250 0.015625
0 0.735938 0.314063 0.006250 0.015625
0 0.735938 0.329688 0.006250 0.015625
0 0.735938 0.345313 0.006250 0.015625
0 0.735938 0.360938 0.006250 0.015625
0 0.735938 0.376563 0.006250 0.015625
0 0.735938 0.393750 0.006250 0.015625
0 0.735938 0.407813 0.006250 0.015625
0 0.735938 0.425000 0.006250 0.015625
0 0.735938 0.440625 0.006250 0.015625
0 0.735938 0.454688 0.006250 0.015625
0 0.735938 0.471875 0.006250 0.015625
0 0.735938 0.485938 0.006250 0.015625
0 0.735938 0.501563 0.006250 0.015625
0 0.735938 0.517188 0.006250 0.015625
0 0.735938 0.534375 0.006250 0.015625
0 0.735938 0.550000 0.006250 0.015625
0 0.735938 0.564063 0.006250 0.015625
0 0.735938 0.579688 0.006250 0.015625
0 0.735938 0.596875 0.006250 0.015625
0 0.735938 0.612500 0.006250 0.015625
0 0.751563 0.015625 0.006250 0.015625
0 0.751563 0.031250 0.006250 0.015625
0 0.751563 0.046875 0.006250 0.015625
0 0.751563 0.062500 0.006250 0.015625
0 0.753125 0.078125 0.006250 0.015625
0 0.751563 0.093750 0.006250 0.015625
0 0.751563 0.109375 0.006250 0.015625
0 0.751563 0.125000 0.006250 0.015625
0 0.751563 0.140625 0.006250 0.015625
0 0.751563 0.156250 0.006250 0.015625
0 0.751563 0.171875 0.006250 0.015625
0 0.751563 0.187500 0.006250 0.015625
0 0.751563 0.203125 0.006250 0.015625
0 0.751563 0.218750 0.006250 0.015625
0 0.753125 0.234375 0.006250 0.015625
0 0.751563 0.250000 0.006250 0.015625
0 0.751563 0.265625 0.006250 0.015625
0 0.751563 0.281250 0.006250 0.015625
0 0.751563 0.296875 0.006250 0.015625
0 0.751563 0.312500 0.006250 0.015625
0 0.751563 0.328125 0.006250 0.015625
0 0.751563 0.343750 0.006250 0.015625
0 0.751563 0.359375 0.006250 0.015625
0 0.751563 0.375000 0.006250 0.015625
0 0.751563 0.390625 0.006250 0.015625
0 0.751563 0.406250 0.006250 0.015625
0 0.751563 0.421875 0.006250 0.015625
0 0.751563 0.437500 0.006250 0.015625
0 0.751563 0.453125 0.006250 0.015625
0 0.751563 0.468750 0.006250 0.015625
0 0.751563 0.484375 0.006250 0.015625
0 0.751563 0.500000 0.006250 0.015625
0 0.751563 0.515625 0.006250 0.015625
0 0.751563 0.531250 0.006250 0.015625
0 0.751563 0.546875 0.006250 0.015625
0 0.751563 0.562500 0.006250 0.015625
0 0.751563 0.578125 0.006250 0.015625
0 0.751563 0.593750 0.006250 0.015625
0 0.753125 0.609375 0.006250 0.015625
0 0.767188 0.015625 0.006250 0.015625
0 0.767188 0.031250 0.006250 0.015625
0 0.767188 0.046875 0.006250 0.015625
0 0.767188 0.062500 0.006250 0.015625
0 0.767188 0.078125 0.006250 0.015625
0 0.767188 0.093750 0.006250 0.015625
0 0.767188 0.109375 0.006250 0.015625
0 0.767188 0.125000 0.006250 0.015625
0 0.767188 0.140625 0.006250 0.015625
0 0.767188 0.156250 0.006250 0.015625
0 0.768750 0.171875 0.006250 0.015625
0 0.767188 0.187500 0.006250 0.015625
0 0.767188 0.203125 0.006250 0.015625
0 0.767188 0.218750 0.006250 0.015625
0 0.767188 0.234375 0.006250 0.015625
0 0.767188 0.250000 0.006250 0.015625
0 0.767188 0.265625 0.006250 0.015625
0 0.768750 0.281250 0.006250 0.015625
0 0.767188 0.296875 0.006250 0.015625
0 0.767188 0.312500 0.006250 0.015625
0 0.768750 0.328125 0.006250 0.015625
0 0.767188 0.343750 0.006250 0.015625
0 0.767188 0.359375 0.006250 0.015625
0 0.767188 0.375000 0.006250 0.015625
0 0.767188 0.390625 0.006250 0.015625
0 0.767188 0.406250 0.006250 0.015625
0 0.767188 0.421875 0.006250 0.015625
0 0.767188 0.437500 0.006250 0.015625
0 0.767188 0.453125 0.006250 0.015625
0 0.767188 0.468750 0.006250 0.015625
0 0.767188 0.484375 0.006250 0.015625
0 0.767188 0.500000 0.006250 0.015625
0 0.767188 0.515625 0.006250 0.015625
0 0.767188 0.531250 0.006250 0.015625
0 0.767188 0.546875 0.006250 0.015625
0 0.767188 0.562500 0.006250 0.015625
0 0.767188 0.578125 0.006250 0.015625
0 0.767188 0.593750 0.006250 0.015625
0 0.767188 0.609375 0.006250 0.015625
0 0.782813 0.015625 0.006250 0.015625
0 0.782813 0.031250 0.006250 0.015625
0 0.782813 0.046875 0.006250 0.015625
0 0.782813 0.062500 0.006250 0.015625
0 0.782813 0.078125 0.006250 0.015625
0 0.782813 0.093750 0.006250 0.015625
0 0.782813 0.109375 0.006250 0.015625
0 0.782813 0.125000 0.006250 0.015625
0 0.782813 0.140625 0.006250 0.015625
0 0.782813 0.156250 0.006250 0.015625
0 0.782813 0.171875 0.006250 0.015625
0 0.782813 0.187500 0.006250 0.015625
0 0.782813 0.203125 0.006250 0.015625
0 0.782813 0.218750 0.006250 0.015625
0 0.782813 0.234375 0.006250 0.015625
0 0.782813 0.250000 0.006250 0.015625
0 0.782813 0.265625 0.006250 0.015625
0 0.782813 0.281250 0.006250 0.015625
0 0.782813 0.296875 0.006250 0.015625
0 0.782813 0.312500 0.006250 0.015625
0 0.782813 0.328125 0.006250 0.015625
0 0.782813 0.343750 0.006250 0.015625
0 0.782813 0.359375 0.006250 0.015625
0 0.782813 0.375000 0.006250 0.015625
0 0.782813 0.390625 0.006250 0.015625
0 0.782813 0.406250 0.006250 0.015625
0 0.782813 0.421875 0.006250 0.015625
0 0.782813 0.437500 0.006250 0.015625
0 0.782813 0.453125 0.006250 0.015625
0 0.782813 0.468750 0.006250 0.015625
0 0.782813 0.484375 0.006250 0.015625
0 0.782813 0.500000 0.006250 0.015625
0 0.782813 0.515625 0.006250 0.015625
0 0.782813 0.531250 0.006250 0.015625
0 0.782813 0.546875 0.006250 0.015625
0 0.782813 0.562500 0.006250 0.015625
0 0.782813 0.578125 0.006250 0.015625
0 0.782813 0.593750 0.006250 0.015625
0 0.782813 0.609375 0.006250 0.015625
0 0.798438 0.015625 0.006250 0.015625
0 0.798438 0.031250 0.006250 0.015625
0 0.798438 0.046875 0.006250 0.015625
0 0.798438 0.062500 0.006250 0.015625
0 0.798438 0.078125 0.006250 0.015625
0 0.798438 0.093750 0.006250 0.015625
0 0.798438 0.109375 0.006250 0.015625
0 0.798438 0.125000 0.006250 0.015625
0 0.798438 0.140625 0.006250 0.015625
0 0.798438 0.156250 0.006250 0.015625
0 0.798438 0.171875 0.006250 0.015625
0 0.798438 0.187500 0.006250 0.015625
0 0.798438 0.203125 0.006250 0.015625
0 0.798438 0.218750 0.006250 0.015625
0 0.798438 0.234375 0.006250 0.015625
0 0.798438 0.250000 0.006250 0.015625
0 0.798438 0.265625 0.006250 0.015625
0 0.798438 0.281250 0.006250 0.015625
0 0.798438 0.296875 0.006250 0.015625
0 0.798438 0.312500 0.006250 0.015625
0 0.798438 0.328125 0.006250 0.015625
0 0.798438 0.343750 0.006250 0.015625
0 0.798438 0.359375 0.006250 0.015625
0 0.798438 0.375000 0.006250 0.015625
0 0.798438 0.390625 0.006250 0.015625
0 0.798438 0.406250 0.006250 0.015625
0 0.798438 0.421875 0.006250 0.015625
0 0.798438 0.437500 0.006250 0.015625
0 0.798438 0.453125 0.006250 0.015625
0 0.798438 0.468750 0.006250 0.015625
0 0.798438 0.485938 0.006250 0.015625
0 0.798438 0.500000 0.006250 0.015625
0 0.798438 0.515625 0.006250 0.015625
0 0.798438 0.531250 0.006250 0.015625
0 0.798438 0.546875 0.006250 0.015625
0 0.798438 0.562500 0.006250 0.015625
0 0.798438 0.578125 0.006250 0.015625
0 0.798438 0.593750 0.006250 0.015625
0 0.798438 0.609375 0.006250 0.015625
0 0.814063 0.015625 0.006250 0.015625
0 0.814063 0.031250 0.006250 0.015625
0 0.814063 0.046875 0.006250 0.015625
0 0.814063 0.062500 0.006250 0.015625
0 0.814063 0.078125 0.006250 0.015625
0 0.814063 0.093750 0.006250 0.015625
0 0.814063 0.109375 0.006250 0.015625
0 0.814063 0.125000 0.006250 0.015625
0 0.814063 0.140625 0.006250 0.015625
0 0.814063 0.156250 0.006250 0.015625
0 0.814063 0.171875 0.006250 0.015625
0 0.814063 0.187500 0.006250 0.015625
0 0.814063 0.203125 0.006250 0.015625
0 0.814063 0.218750 0.006250 0.015625
0 0.814063 0.234375 0.006250 0.015625
0 0.814063 0.250000 0.006250 0.015625
0 0.814063 0.265625 0.006250 0.015625
0 0.814063 0.281250 0.006250 0.015625
0 0.814063 0.296875 0.006250 0.015625
0 0.814063 0.312500 0.006250 0.015625
0 0.814063 0.328125 0.006250 0.015625
0 0.814063 0.343750 0.006250 0.015625
0 0.814063 0.359375 0.006250 0.015625
0 0.814063 0.375000 0.006250 0.015625
0 0.814063 0.390625 0.006250 0.015625
0 0.814063 0.406250 0.006250 0.015625
0 0.814063 0.421875 0.006250 0.015625
0 0.814063 0.437500 0.006250 0.015625
0 0.814063 0.453125 0.006250 0.015625
0 0.814063 0.468750 0.006250 0.015625
0 0.814063 0.484375 0.006250 0.015625
0 0.814063 0.500000 0.006250 0.015625
0 0.814063 0.515625 0.006250 0.015625
0 0.814063 0.531250 0.006250 0.015625
0 0.814063 0.546875 0.006250 0.015625
0 0.814063 0.562500 0.006250 0.015625
0 0.814063 0.578125 0.006250 0.015625
0 0.814063 0.593750 0.006250 0.015625
0 0.814063 0.609375 0.006250 0.015625
0 0.829688 0.015625 0.006250 0.015625
0 0.829688 0.031250 0.006250 0.015625
0 0.829688 0.046875 0.006250 0.015625
0 0.829688 0.062500 0.006250 0.015625
0 0.829688 0.078125 0.006250 0.015625
0 0.829688 0.093750 0.006250 0.015625
0 0.829688 0.109375 0.006250 0.015625
0 0.829688 0.125000 0.006250 0.015625
0 0.829688 0.140625 0.006250 0.015625
0 0.829688 0.156250 0.006250 0.015625
0 0.829688 0.171875 0.006250 0.015625
0 0.829688 0.187500 0.006250 0.015625
0 0.829688 0.203125 0.006250 0.015625
0 0.829688 0.218750 0.006250 0.015625
0 0.829688 0.234375 0.006250 0.015625
0 0.829688 0.250000 0.006250 0.015625
0 0.829688 0.265625 0.006250 0.015625
0 0.829688 0.281250 0.006250 0.015625
0 0.829688 0.296875 0.006250 0.015625
0 0.829688 0.312500 0.006250 0.015625
0 0.829688 0.328125 0.006250 0.015625
0 0.829688 0.343750 0.006250 0.015625
0 0.829688 0.359375 0.006250 0.015625
0 0.829688 0.375000 0.006250 0.015625
0 0.829688 0.390625 0.006250 0.015625
0 0.829688 0.406250 0.006250 0.015625
0 0.829688 0.421875 0.006250 0.015625
0 0.829688 0.437500 0.006250 0.015625
0 0.829688 0.453125 0.006250 0.015625
0 0.829688 0.468750 0.006250 0.015625
0 0.829688 0.484375 0.006250 0.015625
0 0.829688 0.500000 0.006250 0.015625
0 0.829688 0.515625 0.006250 0.015625
0 0.829688 0.531250 0.006250 0.015625
0 0.829688 0.546875 0.006250 0.015625
0 0.829688 0.562500 0.006250 0.015625
0 0.829688 0.578125 0.006250 0.015625
0 0.829688 0.593750 0.006250 0.015625
0 0.829688 0.609375 0.006250 0.015625
0 0.845313 0.015625 0.006250 0.015625
0 0.845313 0.031250 0.006250 0.015625
0 0.845313 0.046875 0.006250 0.015625
0 0.845313 0.062500 0.006250 0.015625
0 0.845313 0.078125 0.006250 0.015625
0 0.845313 0.093750 0.006250 0.015625
0 0.845313 0.109375 0.006250 0.015625
0 0.845313 0.125000 0.006250 0.015625
0 0.845313 0.140625 0.006250 0.015625
0 0.845313 0.156250 0.006250 0.015625
0 0.845313 0.171875 0.006250 0.015625
0 0.845313 0.187500 0.006250 0.015625
0 0.845313 0.203125 0.006250 0.015625
0 0.845313 0.218750 0.006250 0.015625
0 0.845313 0.234375 0.006250 0.015625
0 0.845313 0.250000 0.006250 0.015625
0 0.845313 0.265625 0.006250 0.015625
0 0.845313 0.281250 0.006250 0.015625
0 0.845313 0.296875 0.006250 0.015625
0 0.845313 0.312500 0.006250 0.015625
0 0.845313 0.328125 0.006250 0.015625
0 0.845313 0.343750 0.006250 0.015625
0 0.845313 0.359375 0.006250 0.015625
0 0.845313 0.375000 0.006250 0.015625
0 0.845313 0.390625 0.006250 0.015625
0 0.845313 0.406250 0.006250 0.015625
0 0.845313 0.421875 0.006250 0.015625
0 0.845313 0.437500 0.006250 0.015625
0 0.845313 0.453125 0.006250 0.015625
0 0.845313 0.468750 0.006250 0.015625
0 0.845313 0.484375 0.006250 0.015625
0 0.845313 0.500000 0.006250 0.015625
0 0.845313 0.515625 0.006250 0.015625
0 0.845313 0.531250 0.006250 0.015625
0 0.845313 0.546875 0.006250 0.015625
0 0.845313 0.562500 0.006250 0.015625
0 0.845313 0.578125 0.006250 0.015625
0 0.845313 0.593750 0.006250 0.015625
0 0.845313 0.609375 0.006250 0.015625
0 0.860938 0.015625 0.006250 0.015625
0 0.860938 0.031250 0.006250 0.015625
0 0.860938 0.046875 0.006250 0.015625
0 0.860938 0.062500 0.006250 0.015625
0 0.860938 0.078125 0.006250 0.015625
0 0.860938 0.093750 0.006250 0.015625
0 0.860938 0.109375 0.006250 0.015625
0 0.860938 0.125000 0.006250 0.015625
0 0.860938 0.140625 0.006250 0.015625
0 0.860938 0.156250 0.006250 0.015625
0 0.860938 0.171875 0.006250 0.015625
0 0.860938 0.187500 0.006250 0.015625
0 0.860938 0.203125 0.006250 0.015625
0 0.860938 0.218750 0.006250 0.015625
0 0.860938 0.234375 0.006250 0.015625
0 0.860938 0.250000 0.006250 0.015625
0 0.860938 0.265625 0.006250 0.015625
0 0.860938 0.281250 0.006250 0.015625
0 0.860938 0.296875 0.006250 0.015625
0 0.860938 0.312500 0.006250 0.015625
0 0.860938 0.328125 0.006250 0.015625
0 0.860938 0.343750 0.006250 0.015625
0 0.860938 0.359375 0.006250 0.015625
0 0.860938 0.375000 0.006250 0.015625
0 0.860938 0.390625 0.006250 0.015625
0 0.860938 0.406250 0.006250 0.015625
0 0.860938 0.421875 0.006250 0.015625
0 0.860938 0.437500 0.006250 0.015625
0 0.860938 0.453125 0.006250 0.015625
0 0.860938 0.468750 0.006250 0.015625
0 0.860938 0.484375 0.006250 0.015625
0 0.860938 0.500000 0.006250 0.015625
0 0.860938 0.515625 0.006250 0.015625
0 0.860938 0.531250 0.006250 0.015625
0 0.860938 0.546875 0.006250 0.015625
0 0.860938 0.562500 0.006250 0.015625
0 0.860938 0.578125 0.006250 0.015625
0 0.860938 0.593750 0.006250 0.015625
0 0.860938 0.609375 0.006250 0.015625
0 0.876563 0.015625 0.006250 0.015625
0 0.876563 0.031250 0.006250 0.015625
0 0.876563 0.046875 0.006250 0.015625
0 0.876563 0.062500 0.006250 0.015625
0 0.876563 0.078125 0.006250 0.015625
0 0.876563 0.093750 0.006250 0.015625
0 0.876563 0.109375 0.006250 0.015625
0 0.876563 0.125000 0.006250 0.015625
0 0.876563 0.140625 0.006250 0.015625
0 0.876563 0.156250 0.006250 0.015625
0 0.876563 0.171875 0.006250 0.015625
0 0.876563 0.187500 0.006250 0.015625
0 0.876563 0.203125 0.006250 0.015625
0 0.876563 0.218750 0.006250 0.015625
0 0.876563 0.234375 0.006250 0.015625
0 0.876563 0.250000 0.006250 0.015625
0 0.876563 0.265625 0.006250 0.015625
0 0.876563 0.281250 0.006250 0.015625
0 0.876563 0.296875 0.006250 0.015625
0 0.876563 0.312500 0.006250 0.015625
0 0.876563 0.328125 0.006250 0.015625
0 0.876563 0.343750 0.006250 0.015625
0 0.876563 0.359375 0.006250 0.015625
0 0.876563 0.375000 0.006250 0.015625
0 0.876563 0.390625 0.006250 0.015625
0 0.876563 0.406250 0.006250 0.015625
0 0.876563 0.421875 0.006250 0.015625
0 0.876563 0.437500 0.006250 0.015625
0 0.876563 0.453125 0.006250 0.015625
0 0.876563 0.468750 0.006250 0.015625
0 0.876563 0.484375 0.006250 0.015625
0 0.876563 0.500000 0.006250 0.015625
0 0.876563 0.515625 0.006250 0.015625
0 0.876563 0.531250 0.006250 0.015625
0 0.876563 0.546875 0.006250 0.015625
0 0.876563 0.562500 0.006250 0.015625
0 0.876563 0.578125 0.006250 0.015625
0 0.876563 0.593750 0.006250 0.015625
0 0.876563 0.609375 0.006250 0.015625
0 0.892188 0.015625 0.006250 0.015625
0 0.892188 0.031250 0.006250 0.015625
0 0.892188 0.046875 0.006250 0.015625
0 0.892188 0.062500 0.006250 0.015625
0 0.892188 0.078125 0.006250 0.015625
0 0.892188 0.093750 0.006250 0.015625
0 0.892188 0.109375 0.006250 0.015625
0 0.892188 0.125000 0.006250 0.015625
0 0.892188 0.140625 0.006250 0.015625
0 0.892188 0.156250 0.006250 0.015625
0 0.892188 0.171875 0.006250 0.015625
0 0.892188 0.187500 0.006250 0.015625
0 0.892188 0.203125 0.006250 0.015625
0 0.892188 0.218750 0.006250 0.015625
0 0.892188 0.234375 0.006250 0.015625
0 0.892188 0.250000 0.006250 0.015625
0 0.892188 0.265625 0.006250 0.015625
0 0.892188 0.281250 0.006250 0.015625
0 0.892188 0.296875 0.006250 0.015625
0 0.892188 0.312500 0.006250 0.015625
0 0.892188 0.328125 0.006250 0.015625
0 0.892188 0.343750 0.006250 0.015625
0 0.892188 0.359375 0.006250 0.015625
0 0.892188 0.375000 0.006250 0.015625
0 0.892188 0.390625 0.006250 0.015625
0 0.892188 0.406250 0.006250 0.015625
0 0.892188 0.421875 0.006250 0.015625
0 0.892188 0.437500 0.006250 0.015625
0 0.892188 0.453125 0.006250 0.015625
0 0.892188 0.468750 0.006250 0.015625
0 0.892188 0.484375 0.006250 0.015625
0 0.892188 0.500000 0.006250 0.015625
0 0.892188 0.515625 0.006250 0.015625
0 0.892188 0.531250 0.006250 0.015625
0 0.892188 0.546875 0.006250 0.015625
0 0.892188 0.562500 0.006250 0.015625
0 0.892188 0.578125 0.006250 0.015625
0 0.892188 0.593750 0.006250 0.015625
0 0.892188 0.609375 0.006250 0.015625
0 0.907813 0.015625 0.006250 0.015625
0 0.907813 0.031250 0.006250 0.015625
0 0.907813 0.046875 0.006250 0.015625
0 0.907813 0.062500 0.006250 0.015625
0 0.907813 0.078125 0.006250 0.015625
0 0.907813 0.093750 0.006250 0.015625
0 0.907813 0.109375 0.006250 0.015625
0 0.907813 0.125000 0.006250 0.015625
0 0.907813 0.140625 0.006250 0.015625
0 0.907813 0.156250 0.006250 0.015625
0 0.907813 0.171875 0.006250 0.015625
0 0.907813 0.187500 0.006250 0.015625
0 0.907813 0.203125 0.006250 0.015625
0 0.907813 0.218750 0.006250 0.015625
0 0.907813 0.234375 0.006250 0.015625
0 0.907813 0.250000 0.006250 0.015625
0 0.907813 0.265625 0.006250 0.015625
0 0.907813 0.281250 0.006250 0.015625
0 0.907813 0.296875 0.006250 0.015625
0 0.907813 0.312500 0.006250 0.015625
0 0.907813 0.328125 0.006250 0.015625
0 0.907813 0.343750 0.006250 0.015625
0 0.907813 0.359375 0.006250 0.015625
0 0.907813 0.375000 0.006250 0.015625
0 0.907813 0.390625 0.006250 0.015625
0 0.907813 0.406250 0.006250 0.015625
0 0.907813 0.421875 0.006250 0.015625
0 0.907813 0.437500 0.006250 0.015625
0 0.907813 0.453125 0.006250 0.015625
0 0.907813 0.468750 0.006250 0.015625
0 0.907813 0.484375 0.006250 0.015625
0 0.907813 0.500000 0.006250 0.015625
0 0.907813 0.515625 0.006250 0.015625
0 0.907813 0.531250 0.006250 0.015625
0 0.907813 0.546875 0.006250 0.015625
0 0.907813 0.562500 0.006250 0.015625
0 0.907813 0.578125 0.006250 0.015625
0 0.907813 0.593750 0.006250 0.015625
0 0.907813 0.609375 0.006250 0.015625
0 0.923438 0.015625 0.006250 0.015625
0 0.923438 0.031250 0.006250 0.015625
0 0.923438 0.046875 0.006250 0.015625
0 0.923438 0.062500 0.006250 0.015625
0 0.923438 0.078125 0.006250 0.015625
0 0.923438 0.093750 0.006250 0.015625
0 0.923438 0.109375 0.006250 0.015625
0 0.923438 0.126562 0.006250 0.015625
0 0.923438 0.140625 0.006250 0.015625
0 0.923438 0.156250 0.006250 0.015625
0 0.923438 0.171875 0.006250 0.015625
0 0.923438 0.187500 0.006250 0.015625
0 0.923438 0.203125 0.006250 0.015625
0 0.923438 0.218750 0.006250 0.015625
0 0.923438 0.234375 0.006250 0.015625
0 0.923438 0.250000 0.006250 0.015625
0 0.923438 0.265625 0.006250 0.015625
0 0.923438 0.281250 0.006250 0.015625
0 0.923438 0.296875 0.006250 0.015625
0 0.923438 0.312500 0.006250 0.015625
0 0.923438 0.328125 0.006250 0.015625
0 0.923438 0.343750 0.006250 0.015625
0 0.923438 0.359375 0.006250 0.015625
0 0.923438 0.375000 0.006250 0.015625
0 0.923438 0.390625 0.006250 0.015625
0 0.923438 0.406250 0.006250 0.015625
0 0.923438 0.421875 0.006250 0.015625
0 0.923438 0.437500 0.006250 0.015625
0 0.923438 0.453125 0.006250 0.015625
0 0.923438 0.468750 0.006250 0.015625
0 0.923438 0.484375 0.006250 0.015625
0 0.923438 0.500000 0.006250 0.015625
0 0.923438 0.515625 0.006250 0.015625
0 0.923438 0.531250 0.006250 0.015625
0 0.923438 0.546875 0.006250 0.015625
0 0.923438 0.562500 0.006250 0.015625
0 0.923438 0.578125 0.006250 0.015625
0 0.923438 0.593750 0.006250 0.015625
0 0.923438 0.609375 0.006250 0.015625
0 0.939063 0.015625 0.006250 0.015625
0 0.939063 0.031250 0.006250 0.015625
0 0.939063 0.046875 0.006250 0.015625
0 0.939063 0.062500 0.006250 0.015625
0 0.939063 0.078125 0.006250 0.015625
0 0.939063 0.093750 0.006250 0.015625
0 0.939063 0.109375 0.006250 0.015625
0 0.939063 0.125000 0.006250 0.015625
0 0.939063 0.140625 0.006250 0.015625
0 0.939063 0.156250 0.006250 0.015625
0 0.939063 0.171875 0.006250 0.015625
0 0.939063 0.187500 0.006250 0.015625
0 0.939063 0.203125 0.006250 0.015625
0 0.939063 0.218750 0.006250 0.015625
0 0.939063 0.234375 0.006250 0.015625
0 0.939063 0.250000 0.006250 0.015625
0 0.939063 0.265625 0.006250 0.015625
0 0.939063 0.281250 0.006250 0.015625
0 0.939063 0.296875 0.006250 0.015625
0 0.939063 0.312500 0.006250 0.015625
0 0.939063 0.328125 0.006250 0.015625
0 0.939063 0.343750 0.006250 0.015625
0 0.939063 0.359375 0.006250 0.015625
0 0.939063 0.375000 0.006250 0.015625
0 0.939063 0.390625 0.006250 0.015625
0 0.939063 0.406250 0.006250 0.015625
0 0.939063 0.421875 0.006250 0.015625
0 0.939063 0.437500 0.006250 0.015625
0 0.939063 0.453125 0.006250 0.015625
0 0.939063 0.468750 0.006250 0.015625
0 0.939063 0.484375 0.006250 0.015625
0 0.939063 0.500000 0.006250 0.015625
0 0.939063 0.515625 0.006250 0.015625
0 0.939063 0.531250 0.006250 0.015625
0 0.939063 0.546875 0.006250 0.015625
0 0.939063 0.562500 0.006250 0.015625
0 0.939063 0.578125 0.006250 0.015625
0 0.939063 0.593750 0.006250 0.015625
0 0.939063 0.609375 0.006250 0.015625
0 0.954688 0.015625 0.006250 0.015625
0 0.954688 0.031250 0.006250 0.015625
0 0.954688 0.046875 0.006250 0.015625
0 0.954688 0.062500 0.006250 0.015625
0 0.954688 0.078125 0.006250 0.015625
0 0.954688 0.093750 0.006250 0.015625
0 0.954688 0.109375 0.006250 0.015625
0 0.954688 0.125000 0.006250 0.015625
0 0.954688 0.140625 0.006250 0.015625
0 0.954688 0.156250 0.006250 0.015625
0 0.954688 0.171875 0.006250 0.015625
0 0.954688 0.187500 0.006250 0.015625
0 0.954688 0.203125 0.006250 0.015625
0 0.954688 0.218750 0.006250 0.015625
0 0.954688 0.234375 0.006250 0.015625
0 0.954688 0.250000 0.006250 0.015625
0 0.954688 0.265625 0.006250 0.015625
0 0.954688 0.281250 0.006250 0.015625
0 0.954688 0.296875 0.006250 0.015625
0 0.954688 0.312500 0.006250 0.015625
0 0.954688 0.328125 0.006250 0.015625
0 0.954688 0.343750 0.006250 0.015625
0 0.954688 0.359375 0.006250 0.015625
0 0.954688 0.375000 0.006250 0.015625
0 0.954688 0.390625 0.006250 0.015625
0 0.954688 0.406250 0.006250 0.015625
0 0.954688 0.421875 0.006250 0.015625
0 0.954688 0.437500 0.006250 0.015625
0 0.954688 0.453125 0.006250 0.015625
0 0.954688 0.468750 0.006250 0.015625
0 0.954688 0.484375 0.006250 0.015625
0 0.954688 0.500000 0.006250 0.015625
0 0.954688 0.515625 0.006250 0.015625
0 0.954688 0.531250 0.006250 0.015625
0 0.954688 0.546875 0.006250 0.015625
0 0.954688 0.562500 0.006250 0.015625
0 0.954688 0.579688 0.006250 0.015625
0 0.954688 0.593750 0.006250 0.015625
0 0.954688 0.609375 0.006250 0.015625
0 0.970313 0.015625 0.006250 0.015625
0 0.970313 0.031250 0.006250 0.015625
0 0.970313 0.046875 0.006250 0.015625
0 0.970313 0.062500 0.006250 0.015625
0 0.970313 0.078125 0.006250 0.015625
0 0.970313 0.093750 0.006250 0.015625
0 0.970313 0.109375 0.006250 0.015625
0 0.970313 0.125000 0.006250 0.015625
0 0.970313 0.140625 0.006250 0.015625
0 0.970313 0.156250 0.006250 0.015625
0 0.970313 0.171875 0.006250 0.015625
0 0.970313 0.187500 0.006250 0.015625
0 0.970313 0.203125 0.006250 0.015625
0 0.970313 0.218750 0.006250 0.015625
0 0.970313 0.234375 0.006250 0.015625
0 0.970313 0.250000 0.006250 0.015625
0 0.970313 0.265625 0.006250 0.015625
0 0.970313 0.281250 0.006250 0.015625
0 0.970313 0.296875 0.006250 0.015625
0 0.970313 0.312500 0.006250 0.015625
0 0.970313 0.328125 0.006250 0.015625
0 0.970313 0.343750 0.006250 0.015625
0 0.970313 0.359375 0.006250 0.015625
0 0.970313 0.375000 0.006250 0.015625
0 0.970313 0.390625 0.006250 0.015625
0 0.970313 0.406250 0.006250 0.015625
0 0.970313 0.421875 0.006250 0.015625
0 0.970313 0.437500 0.006250 0.015625
0 0.970313 0.453125 0.006250 0.015625
0 0.970313 0.468750 0.006250 0.015625
0 0.970313 0.484375 0.006250 0.015625
0 0.970313 0.500000 0.006250 0.015625
0 0.970313 0.515625 0.006250 0.015625
0 0.970313 0.531250 0.006250 0.015625
0 0.970313 0.546875 0.006250 0.015625
0 0.970313 0.562500 0.006250 0.015625
0 0.970313 0.578125 0.006250 0.015625
0 0.970313 0.595313 0.006250 0.015625
0 0.970313 0.609375 0.006250 0.015625
0 0.985938 0.015625 0.006250 0.015625
0 0.985938 0.031250 0.006250 0.015625
0 0.985938 0.046875 0.006250 0.015625
0 0.985938 0.062500 0.006250 0.015625
0 0.985938 0.078125 0.006250 0.015625
0 0.985938 0.093750 0.006250 0.015625
0 0.985938 0.109375 0.006250 0.015625
0 0.985938 0.125000 0.006250 0.015625
0 0.985938 0.140625 0.006250 0.015625
0 0.985938 0.156250 0.006250 0.015625
0 0.985938 0.171875 0.006250 0.015625
0 0.985938 0.187500 0.006250 0.015625
0 0.985938 0.203125 0.006250 0.015625
0 0.985938 0.218750 0.006250 0.015625
0 0.985938 0.234375 0.006250 0.015625
0 0.985938 0.250000 0.006250 0.015625
0 0.985938 0.265625 0.006250 0.015625
0 0.985938 0.281250 0.006250 0.015625
0 0.985938 0.298438 0.006250 0.015625
0 0.985938 0.312500 0.006250 0.015625
0 0.985938 0.328125 0.006250 0.015625
0 0.985938 0.343750 0.006250 0.015625
0 0.985938 0.359375 0.006250 0.015625
0 0.985938 0.375000 0.006250 0.015625
0 0.985938 0.390625 0.006250 0.015625
0 0.985938 0.406250 0.006250 0.015625
0 0.985938 0.421875 0.006250 0.015625
0 0.985938 0.437500 0.006250 0.015625
0 0.985938 0.453125 0.006250 0.015625
0 0.985938 0.468750 0.006250 0.015625
0 0.985938 0.484375 0.006250 0.015625
0 0.985938 0.500000 0.006250 0.015625
0 0.985938 0.515625 0.006250 0.015625
0 0.985938 0.531250 0.006250 0.015625
0 0.985938 0.546875 0.006250 0.015625
0 0.985938 0.562500 0.006250 0.015625
0 0.985938 0.578125 0.006250 0.015625
0 0.985938 0.593750 0.006250 0.015625
0 0.985938 0.609375 0.006250 0.015625
