0 0.079687 0.032813 0.006250 0.015625
0 0.079687 0.048438 0.006250 0.015625
0 0.126562 0.048438 0.006250 0.015625
0 0.126562 0.064062 0.006250 0.015625
0 0.204687 0.064062 0.006250 0.015625
0 0.204687 0.079687 0.006250 0.015625
0 0.142187 0.157812 0.006250 0.015625
0 0.142187 0.173437 0.006250 0.015625
0 0.142187 0.189062 0.006250 0.015625
0 0.173437 0.360938 0.006250 0.015625
0 0.173437 0.376563 0.006250 0.015625
0 0.142187 0.454688 0.006250 0.015625
0 0.142187 0.470313 0.006250 0.015625
0 0.079687 0.564063 0.006250 0.015625
0 0.079687 0.579688 0.006250 0.015625
0 0.267188 0.610938 0.006250 0.015625
0 0.267188 0.845313 0.006250 0.015625
0 0.001563 0.017188 0.006250 0.015625
0 0.001563 0.032813 0.006250 0.015625
0 0.001563 0.048438 0.006250 0.015625
0 0.001563 0.064062 0.006250 0.015625
0 0.001563 0.079687 0.006250 0.015625
0 0.001563 0.095312 0.006250 0.015625
0 0.001563 0.110937 0.006250 0.015625
0 0.001563 0.126562 0.006250 0.015625
0 0.001563 0.142187 0.006250 0.015625
0 0.001563 0.157812 0.006250 0.015625
0 0.001563 0.173437 0.006250 0.015625
0 0.001563 0.189062 0.006250 0.015625
0 0.001563 0.204687 0.006250 0.015625
0 0.001563 0.220312 0.006250 0.015625
0 0.001563 0.235937 0.006250 0.015625
0 0.001563 0.251563 0.006250 0.015625
0 0.001563 0.267188 0.006250 0.015625
0 0.001563 0.282813 0.006250 0.015625
0 0.001563 0.298438 0.006250 0.015625
0 0.001563 0.314063 0.006250 0.015625
0 0.001563 0.329688 0.006250 0.015625
0 0.001563 0.345313 0.006250 0.015625
0 0.001563 0.360938 0.006250 0.015625
0 0.001563 0.376563 0.006250 0.015625
0 0.001563 0.392188 0.006250 0.015625
0 0.001563 0.407813 0.006250 0.015625
0 0.001563 0.423438 0.006250 0.015625
0 0.001563 0.439063 0.006250 0.015625
0 0.001563 0.454688 0.006250 0.015625
0 0.001563 0.470313 0.006250 0.015625
0 0.001563 0.485938 0.006250 0.015625
0 0.001563 0.501563 0.006250 0.015625
0 0.001563 0.517188 0.006250 0.015625
0 0.001563 0.532813 0.006250 0.015625
0 0.001563 0.548438 0.006250 0.015625
0 0.001563 0.564063 0.006250 0.015625
0 0.001563 0.579688 0.006250 0.015625
0 0.001563 0.596875 0.006250 0.015625
0 0.001563 0.612500 0.006250 0.015625
0 0.017188 0.017188 0.006250 0.015625
0 0.017188 0.032813 0.006250 0.015625
0 0.017188 0.048438 0.006250 0.015625
0 0.017188 0.064062 0.006250 0.015625
0 0.017188 0.079687 0.006250 0.015625
0 0.017188 0.095312 0.006250 0.015625
0 0.017188 0.110937 0.006250 0.015625
0 0.017188 0.126562 0.006250 0.015625
0 0.017188 0.142187 0.006250 0.015625
0 0.017188 0.157812 0.006250 0.015625
0 0.017188 0.173437 0.006250 0.015625
0 0.017188 0.189062 0.006250 0.015625
0 0.017188 0.204687 0.006250 0.015625
0 0.017188 0.220312 0.006250 0.015625
0 0.017188 0.235937 0.006250 0.015625
0 0.017188 0.251563 0.006250 0.015625
0 0.017188 0.267188 0.006250 0.015625
0 0.017188 0.282813 0.006250 0.015625
0 0.017188 0.298438 0.006250 0.015625
0 0.017188 0.314063 0.006250 0.015625
0 0.017188 0.329688 0.006250 0.015625
0 0.017188 0.345313 0.006250 0.015625
0 0.017188 0.360938 0.006250 0.015625
0 0.017188 0.376563 0.006250 0.015625
0 0.017188 0.392188 0.006250 0.015625
0 0.017188 0.407813 0.006250 0.015625
0 0.017188 0.423438 0.006250 0.015625
0 0.017188 0.439063 0.006250 0.015625
0 0.017188 0.454688 0.006250 0.015625
0 0.017188 0.470313 0.006250 0.015625
0 0.017188 0.485938 0.006250 0.015625
0 0.017188 0.501563 0.006250 0.015625
0 0.017188 0.517188 0.006250 0.015625
0 0.017188 0.532813 0.006250 0.015625
0 0.017188 0.548438 0.006250 0.015625
0 0.017188 0.564063 0.006250 0.015625
0 0.017188 0.579688 0.006250 0.015625
0 0.017188 0.595313 0.006250 0.015625
0 0.017188 0.612500 0.006250 0.015625
0 0.032813 0.017188 0.006250 0.015625
0 0.032813 0.032813 0.006250 0.015625
0 0.032813 0.048438 0.006250 0.015625
0 0.032813 0.064062 0.006250 0.015625
0 0.032813 0.079687 0.006250 0.015625
0 0.032813 0.095312 0.006250 0.015625
0 0.032813 0.110937 0.006250 0.015625
0 0.032813 0.126562 0.006250 0.015625
0 0.032813 0.142187 0.006250 0.015625
0 0.032813 0.157812 0.006250 0.015625
0 0.032813 0.173437 0.006250 0.015625
0 0.032813 0.189062 0.006250 0.015625
0 0.032813 0.204687 0.006250 0.015625
0 0.032813 0.220312 0.006250 0.015625
0 0.032813 0.235937 0.006250 0.015625
0 0.032813 0.251563 0.006250 0.015625
0 0.032813 0.267188 0.006250 0.015625
0 0.032813 0.282813 0.006250 0.015625
0 0.032813 0.298438 0.006250 0.015625
0 0.032813 0.314063 0.006250 0.015625
0 0.032813 0.329688 0.006250 0.015625
0 0.032813 0.345313 0.006250 0.015625
0 0.032813 0.360938 0.006250 0.015625
0 0.032813 0.378125 0.006250 0.015625
0 0.032813 0.393750 0.006250 0.015625
0 0.032813 0.407813 0.006250 0.015625
0 0.032813 0.423438 0.006250 0.015625
0 0.032813 0.439063 0.006250 0.015625
0 0.032813 0.454688 0.006250 0.015625
0 0.032813 0.470313 0.006250 0.015625
0 0.032813 0.485938 0.006250 0.015625
0 0.032813 0.501563 0.006250 0.015625
0 0.032813 0.518750 0.006250 0.015625
0 0.032813 0.532813 0.006250 0.015625
0 0.032813 0.548438 0.006250 0.015625
0 0.032813 0.564063 0.006250 0.015625
0 0.032813 0.579688 0.006250 0.015625
0 0.032813 0.596875 0.006250 0.015625
0 0.032813 0.610938 0.006250 0.015625
0 0.048438 0.017188 0.006250 0.015625
0 0.048438 0.032813 0.006250 0.015625
0 0.048438 0.048438 0.006250 0.015625
0 0.048438 0.064062 0.006250 0.015625
0 0.048438 0.079687 0.006250 0.015625
0 0.048438 0.095312 0.006250 0.015625
0 0.048438 0.110937 0.006250 0.015625
0 0.048438 0.126562 0.006250 0.015625
0 0.048438 0.142187 0.006250 0.015625
0 0.048438 0.157812 0.006250 0.015625
0 0.048438 0.173437 0.006250 0.015625
0 0.048438 0.189062 0.006250 0.015625
0 0.048438 0.204687 0.006250 0.015625
0 0.048438 0.220312 0.006250 0.015625
0 0.048438 0.235937 0.006250 0.015625
0 0.048438 0.251563 0.006250 0.015625
0 0.048438 0.267188 0.006250 0.015625
0 0.048438 0.282813 0.006250 0.015625
0 0.048438 0.298438 0.006250 0.015625
0 0.048438 0.314063 0.006250 0.015625
0 0.048438 0.329688 0.006250 0.015625
0 0.048438 0.345313 0.006250 0.015625
0 0.048438 0.360938 0.006250 0.015625
0 0.048438 0.376563 0.006250 0.015625
0 0.048438 0.392188 0.006250 0.015625
0 0.048438 0.407813 0.006250 0.015625
0 0.048438 0.423438 0.006250 0.015625
0 0.048438 0.439063 0.006250 0.015625
0 0.048438 0.454688 0.006250 0.015625
0 0.048438 0.470313 0.006250 0.015625
0 0.048438 0.485938 0.006250 0.015625
0 0.048438 0.501563 0.006250 0.015625
0 0.048438 0.517188 0.006250 0.015625
0 0.048438 0.532813 0.006250 0.015625
0 0.048438 0.548438 0.006250 0.015625
0 0.048438 0.564063 0.006250 0.015625
0 0.048438 0.579688 0.006250 0.015625
0 0.048438 0.595313 0.006250 0.015625
0 0.048438 0.610938 0.006250 0.015625
0 0.064062 0.017188 0.006250 0.015625
0 0.064062 0.032813 0.006250 0.015625
0 0.064062 0.048438 0.006250 0.015625
0 0.064062 0.064062 0.006250 0.015625
0 0.064062 0.079687 0.006250 0.015625
0 0.064062 0.095312 0.006250 0.015625
0 0.064062 0.110937 0.006250 0.015625
0 0.064062 0.126562 0.006250 0.015625
0 0.064062 0.142187 0.006250 0.015625
0 0.064062 0.157812 0.006250 0.015625
0 0.064062 0.173437 0.006250 0.015625
0 0.064062 0.189062 0.006250 0.015625
0 0.064062 0.204687 0.006250 0.015625
0 0.064062 0.220312 0.006250 0.015625
0 0.064062 0.235937 0.006250 0.015625
0 0.064062 0.251563 0.006250 0.015625
0 0.064062 0.267188 0.006250 0.015625
0 0.064062 0.282813 0.006250 0.015625
0 0.064062 0.298438 0.006250 0.015625
0 0.064062 0.314063 0.006250 0.015625
0 0.064062 0.329688 0.006250 0.015625
0 0.064062 0.345313 0.006250 0.015625
0 0.064062 0.360938 0.006250 0.015625
0 0.064062 0.376563 0.006250 0.015625
0 0.064062 0.392188 0.006250 0.015625
0 0.064062 0.407813 0.006250 0.015625
0 0.064062 0.423438 0.006250 0.015625
0 0.064062 0.439063 0.006250 0.015625
0 0.064062 0.454688 0.006250 0.015625
0 0.064062 0.470313 0.006250 0.015625
0 0.064062 0.485938 0.006250 0.015625
0 0.064062 0.501563 0.006250 0.015625
0 0.064062 0.517188 0.006250 0.015625
0 0.064062 0.532813 0.006250 0.015625
0 0.064062 0.548438 0.006250 0.015625
0 0.064062 0.564063 0.006250 0.015625
0 0.064062 0.579688 0.006250 0.015625
0 0.064062 0.596875 0.006250 0.015625
0 0.064062 0.610938 0.006250 0.015625
0 0.079687 0.017188 0.006250 0.015625
0 0.079687 0.064062 0.006250 0.015625
0 0.079687 0.079687 0.006250 0.015625
0 0.079687 0.095312 0.006250 0.015625
0 0.079687 0.110937 0.006250 0.015625
0 0.079687 0.126562 0.006250 0.015625
0 0.079687 0.142187 0.006250 0.015625
0 0.079687 0.157812 0.006250 0.015625
0 0.079687 0.173437 0.006250 0.015625
0 0.079687 0.189062 0.006250 0.015625
0 0.079687 0.204687 0.006250 0.015625
0 0.079687 0.220312 0.006250 0.015625
0 0.079687 0.235937 0.006250 0.015625
0 0.079687 0.251563 0.006250 0.015625
0 0.079687 0.267188 0.006250 0.015625
0 0.079687 0.282813 0.006250 0.015625
0 0.079687 0.298438 0.006250 0.015625
0 0.079687 0.314063 0.006250 0.015625
0 0.079687 0.329688 0.006250 0.015625
0 0.079687 0.345313 0.006250 0.015625
0 0.079687 0.360938 0.006250 0.015625
0 0.079687 0.376563 0.006250 0.015625
0 0.079687 0.392188 0.006250 0.015625
0 0.079687 0.407813 0.006250 0.015625
0 0.079687 0.423438 0.006250 0.015625
0 0.079687 0.439063 0.006250 0.015625
0 0.079687 0.454688 0.006250 0.015625
0 0.079687 0.470313 0.006250 0.015625
0 0.079687 0.485938 0.006250 0.015625
0 0.079687 0.501563 0.006250 0.015625
0 0.079687 0.517188 0.006250 0.015625
0 0.079687 0.532813 0.006250 0.015625
0 0.079687 0.548438 0.006250 0.015625
0 0.079687 0.595313 0.006250 0.015625
0 0.079687 0.610938 0.006250 0.015625
0 0.095312 0.017188 0.006250 0.015625
0 0.095312 0.032813 0.006250 0.015625
0 0.095312 0.048438 0.006250 0.015625
0 0.095312 0.064062 0.006250 0.015625
0 0.095312 0.079687 0.006250 0.015625
0 0.095312 0.095312 0.006250 0.015625
0 0.095312 0.110937 0.006250 0.015625
0 0.095312 0.126562 0.006250 0.015625
0 0.095312 0.142187 0.006250 0.015625
0 0.095312 0.157812 0.006250 0.015625
0 0.095312 0.173437 0.006250 0.015625
0 0.095312 0.189062 0.006250 0.015625
0 0.095312 0.204687 0.006250 0.015625
0 0.095312 0.220312 0.006250 0.015625
0 0.095312 0.235937 0.006250 0.015625
0 0.095312 0.251563 0.006250 0.015625
0 0.095312 0.267188 0.006250 0.015625
0 0.095312 0.282813 0.006250 0.015625
0 0.095312 0.298438 0.006250 0.015625
0 0.095312 0.314063 0.006250 0.015625
0 0.095312 0.329688 0.006250 0.015625
0 0.095312 0.345313 0.006250 0.015625
0 0.095312 0.360938 0.006250 0.015625
0 0.095312 0.376563 0.006250 0.015625
0 0.095312 0.392188 0.006250 0.015625
0 0.095312 0.407813 0.006250 0.015625
0 0.095312 0.423438 0.006250 0.015625
0 0.095312 0.439063 0.006250 0.015625
0 0.095312 0.454688 0.006250 0.015625
0 0.095312 0.470313 0.006250 0.015625
0 0.095312 0.485938 0.006250 0.015625
0 0.095312 0.501563 0.006250 0.015625
0 0.095312 0.517188 0.006250 0.015625
0 0.095312 0.532813 0.006250 0.015625
0 0.095312 0.548438 0.006250 0.015625
0 0.095312 0.564063 0.006250 0.015625
0 0.095312 0.579688 0.006250 0.015625
0 0.095312 0.595313 0.006250 0.015625
0 0.095312 0.610938 0.006250 0.015625
0 0.110937 0.017188 0.006250 0.015625
0 0.110937 0.032813 0.006250 0.015625
0 0.110937 0.048438 0.006250 0.015625
0 0.110937 0.065625 0.006250 0.015625
0 0.110937 0.079687 0.006250 0.015625
0 0.110937 0.095312 0.006250 0.015625
0 0.110937 0.110937 0.006250 0.015625
0 0.110937 0.126562 0.006250 0.015625
0 0.110937 0.142187 0.006250 0.015625
0 0.110937 0.157812 0.006250 0.015625
0 0.110937 0.173437 0.006250 0.015625
0 0.110937 0.189062 0.006250 0.015625
0 0.110937 0.204687 0.006250 0.015625
0 0.110937 0.220312 0.006250 0.015625
0 0.110937 0.235937 0.006250 0.015625
0 0.110937 0.251563 0.006250 0.015625
0 0.110937 0.267188 0.006250 0.015625
0 0.110937 0.282813 0.006250 0.015625
0 0.110937 0.298438 0.006250 0.015625
0 0.110937 0.314063 0.006250 0.015625
0 0.110937 0.329688 0.006250 0.015625
0 0.110937 0.345313 0.006250 0.015625
0 0.110937 0.360938 0.006250 0.015625
0 0.110937 0.376563 0.006250 0.015625
0 0.110937 0.392188 0.006250 0.015625
0 0.110937 0.407813 0.006250 0.015625
0 0.110937 0.423438 0.006250 0.015625
0 0.110937 0.439063 0.006250 0.015625
0 0.110937 0.454688 0.006250 0.015625
0 0.110937 0.470313 0.006250 0.015625
0 0.110937 0.485938 0.006250 0.015625
0 0.110937 0.501563 0.006250 0.015625
0 0.110937 0.517188 0.006250 0.015625
0 0.110937 0.532813 0.006250 0.015625
0 0.110937 0.548438 0.006250 0.015625
0 0.110937 0.564063 0.006250 0.015625
0 0.110937 0.579688 0.006250 0.015625
0 0.110937 0.595313 0.006250 0.015625
0 0.110937 0.610938 0.006250 0.015625
0 0.126562 0.017188 0.006250 0.015625
0 0.126562 0.032813 0.006250 0.015625
0 0.126562 0.079687 0.006250 0.015625
0 0.126562 0.095312 0.006250 0.015625
0 0.126562 0.110937 0.006250 0.015625
0 0.126562 0.126562 0.006250 0.015625
0 0.126562 0.142187 0.006250 0.015625
0 0.126562 0.157812 0.006250 0.015625
0 0.126562 0.173437 0.006250 0.015625
0 0.126562 0.189062 0.006250 0.015625
0 0.126562 0.204687 0.006250 0.015625
0 0.126562 0.220312 0.006250 0.015625
0 0.126562 0.235937 0.006250 0.015625
0 0.126562 0.251563 0.006250 0.015625
0 0.126562 0.267188 0.006250 0.015625
0 0.126562 0.282813 0.006250 0.015625
0 0.126562 0.298438 0.006250 0.015625
0 0.126562 0.314063 0.006250 0.015625
0 0.126562 0.329688 0.006250 0.015625
0 0.126562 0.345313 0.006250 0.015625
0 0.126562 0.360938 0.006250 0.015625
0 0.126562 0.376563 0.006250 0.015625
0 0.126562 0.392188 0.006250 0.015625
0 0.126562 0.407813 0.006250 0.015625
0 0.126562 0.423438 0.006250 0.015625
0 0.126562 0.439063 0.006250 0.015625
0 0.126562 0.454688 0.006250 0.015625
0 0.126562 0.470313 0.006250 0.015625
0 0.126562 0.487500 0.006250 0.015625
0 0.126562 0.501563 0.006250 0.015625
0 0.126562 0.517188 0.006250 0.015625
0 0.126562 0.532813 0.006250 0.015625
0 0.126562 0.548438 0.006250 0.015625
0 0.126562 0.564063 0.006250 0.015625
0 0.126562 0.579688 0.006250 0.015625
0 0.126562 0.595313 0.006250 0.015625
0 0.126562 0.610938 0.006250 0.015625
0 0.142187 0.017188 0.006250 0.015625
0 0.142187 0.032813 0.006250 0.015625
0 0.142187 0.048438 0.006250 0.015625
0 0.142187 0.064062 0.006250 0.015625
0 0.142187 0.079687 0.006250 0.015625
0 0.142187 0.095312 0.006250 0.015625
0 0.142187 0.110937 0.006250 0.015625
0 0.142187 0.126562 0.006250 0.015625
0 0.142187 0.142187 0.006250 0.015625
0 0.142187 0.204687 0.006250 0.015625
0 0.142187 0.220312 0.006250 0.015625
0 0.142187 0.235937 0.006250 0.015625
0 0.142187 0.251563 0.006250 0.015625
0 0.142187 0.267188 0.006250 0.015625
0 0.142187 0.282813 0.006250 0.015625
0 0.142187 0.298438 0.006250 0.015625
0 0.142187 0.314063 0.006250 0.015625
0 0.142187 0.329688 0.006250 0.015625
0 0.142187 0.345313 0.006250 0.015625
0 0.142187 0.360938 0.006250 0.015625
0 0.142187 0.376563 0.006250 0.015625
0 0.142187 0.392188 0.006250 0.015625
0 0.142187 0.407813 0.006250 0.015625
0 0.142187 0.423438 0.006250 0.015625
0 0.142187 0.439063 0.006250 0.015625
0 0.142187 0.485938 0.006250 0.015625
0 0.142187 0.501563 0.006250 0.015625
0 0.142187 0.517188 0.006250 0.015625
0 0.142187 0.532813 0.006250 0.015625
0 0.142187 0.548438 0.006250 0.015625
0 0.142187 0.564063 0.006250 0.015625
0 0.142187 0.579688 0.006250 0.015625
0 0.142187 0.595313 0.006250 0.015625
0 0.142187 0.610938 0.006250 0.015625
0 0.157812 0.017188 0.006250 0.015625
0 0.157812 0.032813 0.006250 0.015625
0 0.157812 0.048438 0.006250 0.015625
0 0.157812 0.064062 0.006250 0.015625
0 0.157812 0.079687 0.006250 0.015625
0 0.157812 0.095312 0.006250 0.015625
0 0.157812 0.110937 0.006250 0.015625
0 0.157812 0.126562 0.006250 0.015625
0 0.157812 0.142187 0.006250 0.015625
0 0.157812 0.157812 0.006250 0.015625
0 0.157812 0.173437 0.006250 0.015625
0 0.157812 0.189062 0.006250 0.015625
0 0.157812 0.204687 0.006250 0.015625
0 0.157812 0.220312 0.006250 0.015625
0 0.157812 0.235937 0.006250 0.015625
0 0.157812 0.251563 0.006250 0.015625
0 0.157812 0.267188 0.006250 0.015625
0 0.157812 0.282813 0.006250 0.015625
0 0.157812 0.298438 0.006250 0.015625
0 0.157812 0.314063 0.006250 0.015625
0 0.157812 0.329688 0.006250 0.015625
0 0.157812 0.345313 0.006250 0.015625
0 0.157812 0.360938 0.006250 0.015625
0 0.157812 0.376563 0.006250 0.015625
0 0.157812 0.392188 0.006250 0.015625
0 0.157812 0.407813 0.006250 0.015625
0 0.157812 0.423438 0.006250 0.015625
0 0.157812 0.439063 0.006250 0.015625
0 0.157812 0.454688 0.006250 0.015625
0 0.157812 0.470313 0.006250 0.015625
0 0.157812 0.485938 0.006250 0.015625
0 0.157812 0.501563 0.006250 0.015625
0 0.157812 0.517188 0.006250 0.015625
0 0.157812 0.532813 0.006250 0.015625
0 0.157812 0.548438 0.006250 0.015625
0 0.157812 0.564063 0.006250 0.015625
0 0.157812 0.581250 0.006250 0.015625
0 0.157812 0.595313 0.006250 0.015625
0 0.157812 0.610938 0.006250 0.015625
0 0.173437 0.017188 0.006250 0.015625
0 0.173437 0.032813 0.006250 0.015625
0 0.173437 0.048438 0.006250 0.015625
0 0.173437 0.064062 0.006250 0.015625
0 0.173437 0.079687 0.006250 0.015625
0 0.173437 0.095312 0.006250 0.015625
0 0.173437 0.110937 0.006250 0.015625
0 0.173437 0.126562 0.006250 0.015625
0 0.173437 0.142187 0.006250 0.015625
0 0.173437 0.157812 0.006250 0.015625
0 0.173437 0.173437 0.006250 0.015625
0 0.173437 0.189062 0.006250 0.015625
0 0.173437 0.204687 0.006250 0.015625
0 0.173437 0.220312 0.006250 0.015625
0 0.173437 0.235937 0.006250 0.015625
0 0.173437 0.251563 0.006250 0.015625
0 0.173437 0.267188 0.006250 0.015625
0 0.173437 0.282813 0.006250 0.015625
0 0.173437 0.298438 0.006250 0.015625
0 0.173437 0.314063 0.006250 0.015625
0 0.173437 0.329688 0.006250 0.015625
0 0.173437 0.345313 0.006250 0.015625
0 0.173437 0.392188 0.006250 0.015625
0 0.173437 0.407813 0.006250 0.015625
0 0.173437 0.423438 0.006250 0.015625
0 0.173437 0.439063 0.006250 0.015625
0 0.173437 0.454688 0.006250 0.015625
0 0.173437 0.470313 0.006250 0.015625
0 0.173437 0.485938 0.006250 0.015625
0 0.173437 0.501563 0.006250 0.015625
0 0.173437 0.517188 0.006250 0.015625
0 0.173437 0.532813 0.006250 0.015625
0 0.173437 0.548438 0.006250 0.015625
0 0.173437 0.564063 0.006250 0.015625
0 0.173437 0.579688 0.006250 0.015625
0 0.173437 0.595313 0.006250 0.015625
0 0.173437 0.610938 0.006250 0.015625
0 0.189062 0.017188 0.006250 0.015625
0 0.189062 0.032813 0.006250 0.015625
0 0.189062 0.048438 0.006250 0.015625
0 0.189062 0.064062 0.006250 0.015625
0 0.189062 0.079687 0.006250 0.015625
0 0.189062 0.095312 0.006250 0.015625
0 0.189062 0.110937 0.006250 0.015625
0 0.189062 0.126562 0.006250 0.015625
0 0.189062 0.142187 0.006250 0.015625
0 0.189062 0.157812 0.006250 0.015625
0 0.189062 0.173437 0.006250 0.015625
0 0.189062 0.189062 0.006250 0.015625
0 0.189062 0.204687 0.006250 0.015625
0 0.189062 0.220312 0.006250 0.015625
0 0.189062 0.235937 0.006250 0.015625
0 0.189062 0.251563 0.006250 0.015625
0 0.189062 0.267188 0.006250 0.015625
0 0.189062 0.282813 0.006250 0.015625
0 0.189062 0.298438 0.006250 0.015625
0 0.189062 0.314063 0.006250 0.015625
0 0.189062 0.329688 0.006250 0.015625
0 0.189062 0.345313 0.006250 0.015625
0 0.189062 0.360938 0.006250 0.015625
0 0.189062 0.376563 0.006250 0.015625
0 0.189062 0.392188 0.006250 0.015625
0 0.189062 0.407813 0.006250 0.015625
0 0.189062 0.423438 0.006250 0.015625
0 0.189062 0.439063 0.006250 0.015625
0 0.189062 0.454688 0.006250 0.015625
0 0.189062 0.470313 0.006250 0.015625
0 0.189062 0.485938 0.006250 0.015625
0 0.189062 0.501563 0.006250 0.015625
0 0.189062 0.517188 0.006250 0.015625
0 0.189062 0.532813 0.006250 0.015625
0 0.189062 0.548438 0.006250 0.015625
0 0.189062 0.564063 0.006250 0.015625
0 0.189062 0.579688 0.006250 0.015625
0 0.189062 0.595313 0.006250 0.015625
0 0.189062 0.610938 0.006250 0.015625
0 0.204687 0.017188 0.006250 0.015625
0 0.204687 0.032813 0.006250 0.015625
0 0.204687 0.048438 0.006250 0.015625
0 0.204687 0.095312 0.006250 0.015625
0 0.204687 0.110937 0.006250 0.015625
0 0.204687 0.126562 0.006250 0.015625
0 0.204687 0.142187 0.006250 0.015625
0 0.204687 0.157812 0.006250 0.015625
0 0.204687 0.173437 0.006250 0.015625
0 0.204687 0.189062 0.006250 0.015625
0 0.204687 0.204687 0.006250 0.015625
0 0.204687 0.220312 0.006250 0.015625
0 0.204687 0.235937 0.006250 0.015625
0 0.204687 0.251563 0.006250 0.015625
0 0.204687 0.267188 0.006250 0.015625
0 0.204687 0.282813 0.006250 0.015625
0 0.204687 0.298438 0.006250 0.015625
0 0.204687 0.314063 0.006250 0.015625
0 0.204687 0.329688 0.006250 0.015625
0 0.204687 0.345313 0.006250 0.015625
0 0.204687 0.360938 0.006250 0.015625
0 0.204687 0.376563 0.006250 0.015625
0 0.204687 0.392188 0.006250 0.015625
0 0.204687 0.407813 0.006250 0.015625
0 0.204687 0.423438 0.006250 0.015625
0 0.204687 0.439063 0.006250 0.015625
0 0.204687 0.454688 0.006250 0.015625
0 0.204687 0.470313 0.006250 0.015625
0 0.204687 0.485938 0.006250 0.015625
0 0.204687 0.501563 0.006250 0.015625
0 0.204687 0.517188 0.006250 0.015625
0 0.204687 0.532813 0.006250 0.015625
0 0.204687 0.548438 0.006250 0.015625
0 0.204687 0.564063 0.006250 0.015625
0 0.204687 0.579688 0.006250 0.015625
0 0.204687 0.595313 0.006250 0.015625
0 0.204687 0.612500 0.006250 0.015625
0 0.220312 0.017188 0.006250 0.015625
0 0.220312 0.032813 0.006250 0.015625
0 0.220312 0.048438 0.006250 0.015625
0 0.220312 0.064062 0.006250 0.015625
0 0.220312 0.079687 0.006250 0.015625
0 0.220312 0.095312 0.006250 0.015625
0 0.220312 0.110937 0.006250 0.015625
0 0.220312 0.126562 0.006250 0.015625
0 0.220312 0.142187 0.006250 0.015625
0 0.220312 0.157812 0.006250 0.015625
0 0.220312 0.173437 0.006250 0.015625
0 0.220312 0.189062 0.006250 0.015625
0 0.220312 0.204687 0.006250 0.015625
0 0.220312 0.220312 0.006250 0.015625
0 0.220312 0.235937 0.006250 0.015625
0 0.220312 0.251563 0.006250 0.015625
0 0.220312 0.267188 0.006250 0.015625
0 0.220312 0.284375 0.006250 0.015625
0 0.220312 0.298438 0.006250 0.015625
0 0.220312 0.314063 0.006250 0.015625
0 0.220312 0.329688 0.006250 0.015625
0 0.220312 0.345313 0.006250 0.015625
0 0.220312 0.360938 0.006250 0.015625
0 0.220312 0.376563 0.006250 0.015625
0 0.220312 0.392188 0.006250 0.015625
0 0.220312 0.407813 0.006250 0.015625
0 0.220312 0.423438 0.006250 0.015625
0 0.220312 0.439063 0.006250 0.015625
0 0.220312 0.454688 0.006250 0.015625
0 0.221875 0.471875 0.006250 0.015625
0 0.220312 0.485938 0.006250 0.015625
0 0.220312 0.501563 0.006250 0.015625
0 0.220312 0.517188 0.006250 0.015625
0 0.220312 0.532813 0.006250 0.015625
0 0.220312 0.548438 0.006250 0.015625
0 0.220312 0.564063 0.006250 0.015625
0 0.220312 0.579688 0.006250 0.015625
0 0.220312 0.595313 0.006250 0.015625
0 0.220312 0.610938 0.006250 0.015625
0 0.235937 0.017188 0.006250 0.015625
0 0.235937 0.032813 0.006250 0.015625
0 0.235937 0.048438 0.006250 0.015625
0 0.235937 0.064062 0.006250 0.015625
0 0.235937 0.079687 0.006250 0.015625
0 0.235937 0.095312 0.006250 0.015625
0 0.235937 0.110937 0.006250 0.015625
0 0.235937 0.126562 0.006250 0.015625
0 0.235937 0.142187 0.006250 0.015625
0 0.235937 0.157812 0.006250 0.015625
0 0.235937 0.173437 0.006250 0.015625
0 0.235937 0.189062 0.006250 0.015625
0 0.235937 0.204687 0.006250 0.015625
0 0.235937 0.220312 0.006250 0.015625
0 0.235937 0.235937 0.006250 0.015625
0 0.235937 0.251563 0.006250 0.015625
0 0.235937 0.267188 0.006250 0.015625
0 0.235937 0.282813 0.006250 0.015625
0 0.235937 0.298438 0.006250 0.015625
0 0.235937 0.314063 0.006250 0.015625
0 0.235937 0.329688 0.006250 0.015625
0 0.235937 0.345313 0.006250 0.015625
0 0.235937 0.360938 0.006250 0.015625
0 0.235937 0.376563 0.006250 0.015625
0 0.235937 0.392188 0.006250 0.015625
0 0.235937 0.407813 0.006250 0.015625
0 0.235937 0.423438 0.006250 0.015625
0 0.235937 0.439063 0.006250 0.015625
0 0.235937 0.456250 0.006250 0.015625
0 0.235937 0.470313 0.006250 0.015625
0 0.235937 0.485938 0.006250 0.015625
0 0.235937 0.501563 0.006250 0.015625
0 0.235937 0.517188 0.006250 0.015625
0 0.235937 0.532813 0.006250 0.015625
0 0.235937 0.548438 0.006250 0.015625
0 0.235937 0.564063 0.006250 0.015625
0 0.235937 0.579688 0.006250 0.015625
0 0.235937 0.595313 0.006250 0.015625
0 0.235937 0.610938 0.006250 0.015625
0 0.251563 0.017188 0.006250 0.015625
0 0.251563 0.032813 0.006250 0.015625
0 0.251563 0.048438 0.006250 0.015625
0 0.251563 0.064062 0.006250 0.015625
0 0.251563 0.079687 0.006250 0.015625
0 0.251563 0.095312 0.006250 0.015625
0 0.251563 0.112500 0.006250 0.015625
0 0.251563 0.126562 0.006250 0.015625
0 0.251563 0.142187 0.006250 0.015625
0 0.251563 0.157812 0.006250 0.015625
0 0.251563 0.173437 0.006250 0.015625
0 0.251563 0.189062 0.006250 0.015625
0 0.251563 0.204687 0.006250 0.015625
0 0.251563 0.220312 0.006250 0.015625
0 0.251563 0.235937 0.006250 0.015625
0 0.251563 0.251563 0.006250 0.015625
0 0.251563 0.267188 0.006250 0.015625
0 0.251563 0.282813 0.006250 0.015625
0 0.251563 0.298438 0.006250 0.015625
0 0.251563 0.314063 0.006250 0.015625
0 0.251563 0.329688 0.006250 0.015625
0 0.251563 0.345313 0.006250 0.015625
0 0.251563 0.360938 0.006250 0.015625
0 0.251563 0.376563 0.006250 0.015625
0 0.251563 0.392188 0.006250 0.015625
0 0.251563 0.407813 0.006250 0.015625
0 0.251563 0.423438 0.006250 0.015625
0 0.251563 0.439063 0.006250 0.015625
0 0.251563 0.454688 0.006250 0.015625
0 0.251563 0.470313 0.006250 0.015625
0 0.251563 0.485938 0.006250 0.015625
0 0.251563 0.501563 0.006250 0.015625
0 0.251563 0.517188 0.006250 0.015625
0 0.251563 0.532813 0.006250 0.015625
0 0.251563 0.548438 0.006250 0.015625
0 0.251563 0.564063 0.006250 0.015625
0 0.251563 0.579688 0.006250 0.015625
0 0.251563 0.595313 0.006250 0.015625
0 0.251563 0.610938 0.006250 0.015625
0 0.267188 0.017188 0.006250 0.015625
0 0.267188 0.032813 0.006250 0.015625
0 0.267188 0.048438 0.006250 0.015625
0 0.267188 0.064062 0.006250 0.015625
0 0.267188 0.079687 0.006250 0.015625
0 0.267188 0.096875 0.006250 0.015625
0 0.267188 0.112500 0.006250 0.015625
0 0.267188 0.128125 0.006250 0.015625
0 0.267188 0.142187 0.006250 0.015625
0 0.267188 0.157812 0.006250 0.015625
0 0.267188 0.175000 0.006250 0.015625
0 0.267188 0.189062 0.006250 0.015625
0 0.267188 0.204687 0.006250 0.015625
0 0.267188 0.220312 0.006250 0.015625
0 0.267188 0.235937 0.006250 0.015625
0 0.267188 0.251563 0.006250 0.015625
0 0.267188 0.268750 0.006250 0.015625
0 0.267188 0.282813 0.006250 0.015625
0 0.267188 0.298438 0.006250 0.015625
0 0.267188 0.315625 0.006250 0.015625
0 0.267188 0.329688 0.006250 0.015625
0 0.267188 0.345313 0.006250 0.015625
0 0.267188 0.360938 0.006250 0.015625
0 0.267188 0.376563 0.006250 0.015625
0 0.267188 0.392188 0.006250 0.015625
0 0.267188 0.407813 0.006250 0.015625
0 0.267188 0.423438 0.006250 0.015625
0 0.267188 0.440625 0.006250 0.015625
0 0.267188 0.454688 0.006250 0.015625
0 0.267188 0.470313 0.006250 0.015625
0 0.267188 0.487500 0.006250 0.015625
0 0.267188 0.501563 0.006250 0.015625
0 0.267188 0.518750 0.006250 0.015625
0 0.267188 0.534375 0.006250 0.015625
0 0.267188 0.548438 0.006250 0.015625
0 0.267188 0.564063 0.006250 0.015625
0 0.267188 0.579688 0.006250 0.015625
0 0.267188 0.595313 0.006250 0.015625
0 0.267188 0.862500 0.006250 0.015625
0 0.267188 0.876563 0.006250 0.015625
0 0.267188 0.893750 0.006250 0.015625
0 0.267188 0.909375 0.006250 0.015625
0 0.267188 0.923438 0.006250 0.015625
0 0.267188 0.939063 0.006250 0.015625
0 0.267188 0.954688 0.006250 0.015625
0 0.267188 0.970313 0.006250 0.015625
0 0.267188 0.985938 0.006250 0.015625
0 0.282813 0.846875 0.006250 0.015625
0 0.282813 0.862500 0.006250 0.015625
0 0.282813 0.876563 0.006250 0.015625
0 0.282813 0.892188 0.006250 0.015625
0 0.282813 0.907813 0.006250 0.015625
0 0.282813 0.923438 0.006250 0.015625
0 0.282813 0.939063 0.006250 0.015625
0 0.282813 0.954688 0.006250 0.015625
0 0.282813 0.970313 0.006250 0.015625
0 0.282813 0.985938 0.006250 0.015625
0 0.298438 0.846875 0.006250 0.015625
0 0.298438 0.860938 0.006250 0.015625
0 0.298438 0.876563 0.006250 0.015625
0 0.298438 0.892188 0.006250 0.015625
0 0.298438 0.909375 0.006250 0.015625
0 0.298438 0.923438 0.006250 0.015625
0 0.298438 0.939063 0.006250 0.015625
0 0.298438 0.954688 0.006250 0.015625
0 0.298438 0.970313 0.006250 0.015625
0 0.298438 0.985938 0.006250 0.015625
0 0.314063 0.846875 0.006250 0.015625
0 0.314063 0.860938 0.006250 0.015625
0 0.314063 0.876563 0.006250 0.015625
0 0.314063 0.892188 0.006250 0.015625
0 0.314063 0.909375 0.006250 0.015625
0 0.314063 0.923438 0.006250 0.015625
0 0.314063 0.940625 0.006250 0.015625
0 0.314063 0.954688 0.006250 0.015625
0 0.314063 0.970313 0.006250 0.015625
0 0.314063 0.978125 0.006250 0.015625
0 0.314063 0.985938 0.006250 0.015625
0 0.329688 0.846875 0.006250 0.015625
0 0.329688 0.862500 0.006250 0.015625
0 0.329688 0.876563 0.006250 0.015625
0 0.329688 0.893750 0.006250 0.015625
0 0.329688 0.909375 0.006250 0.015625
0 0.329688 0.923438 0.006250 0.015625
0 0.329688 0.939063 0.006250 0.015625
0 0.329688 0.954688 0.006250 0.015625
0 0.329688 0.970313 0.006250 0.015625
0 0.329688 0.985938 0.006250 0.015625
0 0.345313 0.846875 0.006250 0.015625
0 0.345313 0.860938 0.006250 0.015625
0 0.345313 0.876563 0.006250 0.015625
0 0.345313 0.893750 0.006250 0.015625
0 0.345313 0.907813 0.006250 0.015625
0 0.345313 0.923438 0.006250 0.015625
0 0.345313 0.939063 0.006250 0.015625
0 0.345313 0.956250 0.006250 0.015625
0 0.345313 0.970313 0.006250 0.015625
0 0.345313 0.985938 0.006250 0.015625
0 0.360938 0.846875 0.006250 0.015625
0 0.360938 0.860938 0.006250 0.015625
0 0.360938 0.876563 0.006250 0.015625
0 0.360938 0.892188 0.006250 0.015625
0 0.360938 0.909375 0.006250 0.015625
0 0.360938 0.925000 0.006250 0.015625
0 0.360938 0.939063 0.006250 0.015625
0 0.360938 0.954688 0.006250 0.015625
0 0.360938 0.970313 0.006250 0.015625
0 0.360938 0.985938 0.006250 0.015625
0 0.376563 0.846875 0.006250 0.015625
0 0.376563 0.860938 0.006250 0.015625
0 0.376563 0.878125 0.006250 0.015625
0 0.376563 0.893750 0.006250 0.015625
0 0.376563 0.909375 0.006250 0.015625
0 0.376563 0.923438 0.006250 0.015625
0 0.376563 0.939063 0.006250 0.015625
0 0.376563 0.956250 0.006250 0.015625
0 0.376563 0.970313 0.006250 0.015625
0 0.376563 0.985938 0.006250 0.015625
0 0.392188 0.846875 0.006250 0.015625
0 0.392188 0.860938 0.006250 0.015625
0 0.392188 0.878125 0.006250 0.015625
0 0.392188 0.892188 0.006250 0.015625
0 0.392188 0.909375 0.006250 0.015625
0 0.392188 0.923438 0.006250 0.015625
0 0.392188 0.939063 0.006250 0.015625
0 0.392188 0.954688 0.006250 0.015625
0 0.392188 0.970313 0.006250 0.015625
0 0.392188 0.978125 0.006250 0.015625
0 0.392188 0.985938 0.006250 0.015625
0 0.407813 0.846875 0.006250 0.015625
0 0.407813 0.862500 0.006250 0.015625
0 0.407813 0.878125 0.006250 0.015625
0 0.407813 0.893750 0.006250 0.015625
0 0.407813 0.909375 0.006250 0.015625
0 0.407813 0.925000 0.006250 0.015625
0 0.407813 0.939063 0.006250 0.015625
0 0.407813 0.956250 0.006250 0.015625
0 0.407813 0.970313 0.006250 0.015625
0 0.407813 0.985938 0.006250 0.015625
0 0.423438 0.846875 0.006250 0.015625
0 0.423438 0.860938 0.006250 0.015625
0 0.423438 0.876563 0.006250 0.015625
0 0.423438 0.893750 0.006250 0.015625
0 0.423438 0.909375 0.006250 0.015625
0 0.423438 0.923438 0.006250 0.015625
0 0.423438 0.939063 0.006250 0.015625
0 0.423438 0.954688 0.006250 0.015625
0 0.423438 0.971875 0.006250 0.015625
0 0.423438 0.985938 0.006250 0.015625
0 0.439063 0.846875 0.006250 0.015625
0 0.439063 0.860938 0.006250 0.015625
0 0.439063 0.876563 0.006250 0.015625
0 0.439063 0.893750 0.006250 0.015625
0 0.439063 0.907813 0.006250 0.015625
0 0.439063 0.923438 0.006250 0.015625
0 0.439063 0.939063 0.006250 0.015625
0 0.439063 0.946875 0.006250 0.015625
0 0.439063 0.954688 0.006250 0.015625
0 0.439063 0.971875 0.006250 0.015625
0 0.439063 0.985938 0.006250 0.015625
0 0.454688 0.846875 0.006250 0.015625
0 0.454688 0.862500 0.006250 0.015625
0 0.454688 0.876563 0.006250 0.015625
0 0.454688 0.893750 0.006250 0.015625
0 0.454688 0.907813 0.006250 0.015625
0 0.454688 0.925000 0.006250 0.015625
0 0.454688 0.940625 0.006250 0.015625
0 0.454688 0.954688 0.006250 0.015625
0 0.454688 0.970313 0.006250 0.015625
0 0.454688 0.985938 0.006250 0.015625
0 0.470313 0.846875 0.006250 0.015625
0 0.470313 0.862500 0.006250 0.015625
0 0.470313 0.878125 0.006250 0.015625
0 0.470313 0.893750 0.006250 0.015625
0 0.470313 0.907813 0.006250 0.015625
0 0.470313 0.923438 0.006250 0.015625
0 0.470313 0.940625 0.006250 0.015625
0 0.470313 0.956250 0.006250 0.015625
0 0.470313 0.970313 0.006250 0.015625
0 0.470313 0.985938 0.006250 0.015625
0 0.485938 0.846875 0.006250 0.015625
0 0.485938 0.860938 0.006250 0.015625
0 0.485938 0.876563 0.006250 0.015625
0 0.485938 0.893750 0.006250 0.015625
0 0.485938 0.909375 0.006250 0.015625
0 0.485938 0.925000 0.006250 0.015625
0 0.485938 0.939063 0.006250 0.015625
0 0.485938 0.954688 0.006250 0.015625
0 0.485938 0.970313 0.006250 0.015625
0 0.485938 0.985938 0.006250 0.015625
0 0.501563 0.612500 0.006250 0.015625
0 0.501563 0.628125 0.006250 0.015625
0 0.501563 0.643750 0.006250 0.015625
0 0.503125 0.659375 0.006250 0.015625
0 0.501563 0.675000 0.006250 0.015625
0 0.503125 0.690625 0.006250 0.015625
0 0.501563 0.706250 0.006250 0.015625
0 0.501563 0.720313 0.006250 0.015625
0 0.503125 0.737500 0.006250 0.015625
0 0.501563 0.753125 0.006250 0.015625
0 0.501563 0.768750 0.006250 0.015625
0 0.501563 0.784375 0.006250 0.015625
0 0.501563 0.798438 0.006250 0.015625
0 0.501563 0.814063 0.006250 0.015625
0 0.501563 0.829688 0.006250 0.015625
0 0.501563 0.845313 0.006250 0.015625
0 0.501563 0.860938 0.006250 0.015625
0 0.501563 0.876563 0.006250 0.015625
0 0.501563 0.893750 0.006250 0.015625
0 0.501563 0.909375 0.006250 0.015625
0 0.501563 0.923438 0.006250 0.015625
0 0.501563 0.939063 0.006250 0.015625
0 0.501563 0.954688 0.006250 0.015625
0 0.501563 0.970313 0.006250 0.015625
0 0.501563 0.985938 0.006250 0.015625
0 0.517188 0.612500 0.006250 0.015625
0 0.517188 0.626563 0.006250 0.015625
0 0.517188 0.642188 0.006250 0.015625
0 0.517188 0.657813 0.006250 0.015625
0 0.517188 0.673438 0.006250 0.015625
0 0.517188 0.689063 0.006250 0.015625
0 0.517188 0.704688 0.006250 0.015625
0 0.517188 0.720313 0.006250 0.015625
0 0.517188 0.735938 0.006250 0.015625
0 0.517188 0.751563 0.006250 0.015625
0 0.517188 0.767188 0.006250 0.015625
0 0.517188 0.782813 0.006250 0.015625
0 0.517188 0.798438 0.006250 0.015625
0 0.517188 0.815625 0.006250 0.015625
0 0.517188 0.829688 0.006250 0.015625
0 0.517188 0.845313 0.006250 0.015625
0 0.517188 0.860938 0.006250 0.015625
0 0.517188 0.876563 0.006250 0.015625
0 0.517188 0.892188 0.006250 0.015625
0 0.517188 0.907813 0.006250 0.015625
0 0.517188 0.923438 0.006250 0.015625
0 0.517188 0.939063 0.006250 0.015625
0 0.517188 0.956250 0.006250 0.015625
0 0.517188 0.970313 0.006250 0.015625
0 0.517188 0.985938 0.006250 0.015625
0 0.532813 0.612500 0.006250 0.015625
0 0.532813 0.626563 0.006250 0.015625
0 0.532813 0.642188 0.006250 0.015625
0 0.532813 0.657813 0.006250 0.015625
0 0.532813 0.673438 0.006250 0.015625
0 0.532813 0.689063 0.006250 0.015625
0 0.532813 0.706250 0.006250 0.015625
0 0.532813 0.720313 0.006250 0.015625
0 0.532813 0.735938 0.006250 0.015625
0 0.532813 0.751563 0.006250 0.015625
0 0.532813 0.768750 0.006250 0.015625
0 0.532813 0.782813 0.006250 0.015625
0 0.532813 0.798438 0.006250 0.015625
0 0.532813 0.814063 0.006250 0.015625
0 0.532813 0.829688 0.006250 0.015625
0 0.532813 0.845313 0.006250 0.015625
0 0.532813 0.860938 0.006250 0.015625
0 0.532813 0.876563 0.006250 0.015625
0 0.532813 0.893750 0.006250 0.015625
0 0.532813 0.909375 0.006250 0.015625
0 0.532813 0.925000 0.006250 0.015625
0 0.532813 0.940625 0.006250 0.015625
0 0.532813 0.954688 0.006250 0.015625
0 0.532813 0.970313 0.006250 0.015625
0 0.532813 0.985938 0.006250 0.015625
0 0.548438 0.612500 0.006250 0.015625
0 0.548438 0.626563 0.006250 0.015625
0 0.548438 0.642188 0.006250 0.015625
0 0.548438 0.657813 0.006250 0.015625
0 0.548438 0.673438 0.006250 0.015625
0 0.548438 0.689063 0.006250 0.015625
0 0.548438 0.704688 0.006250 0.015625
0 0.548438 0.720313 0.006250 0.015625
0 0.548438 0.735938 0.006250 0.015625
0 0.548438 0.751563 0.006250 0.015625
0 0.548438 0.767188 0.006250 0.015625
0 0.548438 0.782813 0.006250 0.015625
0 0.548438 0.800000 0.006250 0.015625
0 0.548438 0.814063 0.006250 0.015625
0 0.548438 0.831250 0.006250 0.015625
0 0.548438 0.845313 0.006250 0.015625
0 0.548438 0.862500 0.006250 0.015625
0 0.548438 0.876563 0.006250 0.015625
0 0.548438 0.893750 0.006250 0.015625
0 0.548438 0.909375 0.006250 0.015625
0 0.548438 0.923438 0.006250 0.015625
0 0.548438 0.939063 0.006250 0.015625
0 0.548438 0.954688 0.006250 0.015625
0 0.548438 0.971875 0.006250 0.015625
0 0.548438 0.985938 0.006250 0.015625
0 0.564063 0.612500 0.006250 0.015625
0 0.564063 0.626563 0.006250 0.015625
0 0.564063 0.642188 0.006250 0.015625
0 0.564063 0.657813 0.006250 0.015625
0 0.564063 0.673438 0.006250 0.015625
0 0.564063 0.689063 0.006250 0.015625
0 0.564063 0.704688 0.006250 0.015625
0 0.564063 0.720313 0.006250 0.015625
0 0.564063 0.737500 0.006250 0.015625
0 0.564063 0.751563 0.006250 0.015625
0 0.564063 0.767188 0.006250 0.015625
0 0.564063 0.782813 0.006250 0.015625
0 0.564063 0.798438 0.006250 0.015625
0 0.564063 0.814063 0.006250 0.015625
0 0.564063 0.831250 0.006250 0.015625
0 0.564063 0.845313 0.006250 0.015625
0 0.564063 0.862500 0.006250 0.015625
0 0.564063 0.878125 0.006250 0.015625
0 0.564063 0.893750 0.006250 0.015625
0 0.564063 0.909375 0.006250 0.015625
0 0.564063 0.923438 0.006250 0.015625
0 0.564063 0.939063 0.006250 0.015625
0 0.564063 0.956250 0.006250 0.015625
0 0.564063 0.970313 0.006250 0.015625
0 0.564063 0.985938 0.006250 0.015625
0 0.579688 0.612500 0.006250 0.015625
0 0.579688 0.628125 0.006250 0.015625
0 0.579688 0.642188 0.006250 0.015625
0 0.579688 0.657813 0.006250 0.015625
0 0.579688 0.673438 0.006250 0.015625
0 0.579688 0.689063 0.006250 0.015625
0 0.579688 0.704688 0.006250 0.015625
0 0.579688 0.720313 0.006250 0.015625
0 0.581250 0.735938 0.006250 0.015625
0 0.579688 0.751563 0.006250 0.015625
0 0.579688 0.767188 0.006250 0.015625
0 0.579688 0.784375 0.006250 0.015625
0 0.579688 0.798438 0.006250 0.015625
0 0.579688 0.814063 0.006250 0.015625
0 0.579688 0.829688 0.006250 0.015625
0 0.579688 0.846875 0.006250 0.015625
0 0.579688 0.860938 0.006250 0.015625
0 0.579688 0.878125 0.006250 0.015625
0 0.579688 0.892188 0.006250 0.015625
0 0.579688 0.909375 0.006250 0.015625
0 0.579688 0.925000 0.006250 0.015625
0 0.579688 0.939063 0.006250 0.015625
0 0.579688 0.956250 0.006250 0.015625
0 0.579688 0.970313 0.006250 0.015625
0 0.579688 0.985938 0.006250 0.015625
0 0.595313 0.612500 0.006250 0.015625
0 0.595313 0.626563 0.006250 0.015625
0 0.595313 0.643750 0.006250 0.015625
0 0.595313 0.657813 0.006250 0.015625
0 0.595313 0.673438 0.006250 0.015625
0 0.595313 0.689063 0.006250 0.015625
0 0.595313 0.704688 0.006250 0.015625
0 0.595313 0.720313 0.006250 0.015625
0 0.595313 0.737500 0.006250 0.015625
0 0.595313 0.751563 0.006250 0.015625
0 0.595313 0.767188 0.006250 0.015625
0 0.595313 0.782813 0.006250 0.015625
0 0.595313 0.800000 0.006250 0.015625
0 0.595313 0.815625 0.006250 0.015625
0 0.595313 0.831250 0.006250 0.015625
0 0.595313 0.845313 0.006250 0.015625
0 0.595313 0.862500 0.006250 0.015625
0 0.595313 0.876563 0.006250 0.015625
0 0.595313 0.893750 0.006250 0.015625
0 0.595313 0.907813 0.006250 0.015625
0 0.595313 0.925000 0.006250 0.015625
0 0.595313 0.940625 0.006250 0.015625
0 0.595313 0.956250 0.006250 0.015625
0 0.595313 0.971875 0.006250 0.015625
0 0.595313 0.987500 0.006250 0.015625
0 0.610938 0.612500 0.006250 0.015625
0 0.610938 0.626563 0.006250 0.015625
0 0.610938 0.642188 0.006250 0.015625
0 0.610938 0.657813 0.006250 0.015625
0 0.610938 0.673438 0.006250 0.015625
0 0.610938 0.689063 0.006250 0.015625
0 0.610938 0.704688 0.006250 0.015625
0 0.610938 0.720313 0.006250 0.015625
0 0.610938 0.737500 0.006250 0.015625
0 0.610938 0.751563 0.006250 0.015625
0 0.610938 0.768750 0.006250 0.015625
0 0.610938 0.784375 0.006250 0.015625
0 0.610938 0.798438 0.006250 0.015625
0 0.610938 0.814063 0.006250 0.015625
0 0.610938 0.829688 0.006250 0.015625
0 0.610938 0.846875 0.006250 0.015625
0 0.610938 0.862500 0.006250 0.015625
0 0.610938 0.876563 0.006250 0.015625
0 0.610938 0.893750 0.006250 0.015625
0 0.610938 0.909375 0.006250 0.015625
0 0.610938 0.925000 0.006250 0.015625
0 0.610938 0.939063 0.006250 0.015625
0 0.610938 0.954688 0.006250 0.015625
0 0.610938 0.970313 0.006250 0.015625
0 0.610938 0.985938 0.006250 0.015625
0 0.626563 0.612500 0.006250 0.015625
0 0.626563 0.626563 0.006250 0.015625
0 0.626563 0.642188 0.006250 0.015625
0 0.626563 0.657813 0.006250 0.015625
0 0.626563 0.673438 0.006250 0.015625
0 0.626563 0.689063 0.006250 0.015625
0 0.626563 0.704688 0.006250 0.015625
0 0.626563 0.721875 0.006250 0.015625
0 0.626563 0.735938 0.006250 0.015625
0 0.626563 0.751563 0.006250 0.015625
0 0.626563 0.767188 0.006250 0.015625
0 0.626563 0.784375 0.006250 0.015625
0 0.626563 0.800000 0.006250 0.015625
0 0.626563 0.814063 0.006250 0.015625
0 0.626563 0.829688 0.006250 0.015625
0 0.626563 0.845313 0.006250 0.015625
0 0.626563 0.860938 0.006250 0.015625
0 0.626563 0.878125 0.006250 0.015625
0 0.626563 0.892188 0.006250 0.015625
0 0.626563 0.907813 0.006250 0.015625
0 0.626563 0.923438 0.006250 0.015625
0 0.626563 0.939063 0.006250 0.015625
0 0.626563 0.956250 0.006250 0.015625
0 0.626563 0.971875 0.006250 0.015625
0 0.626563 0.985938 0.006250 0.015625
0 0.642188 0.612500 0.006250 0.015625
0 0.642188 0.626563 0.006250 0.015625
0 0.642188 0.642188 0.006250 0.015625
0 0.642188 0.657813 0.006250 0.015625
0 0.642188 0.673438 0.006250 0.015625
0 0.642188 0.689063 0.006250 0.015625
0 0.642188 0.704688 0.006250 0.015625
0 0.642188 0.721875 0.006250 0.015625
0 0.642188 0.735938 0.006250 0.015625
0 0.642188 0.751563 0.006250 0.015625
0 0.642188 0.768750 0.006250 0.015625
0 0.642188 0.782813 0.006250 0.015625
0 0.642188 0.800000 0.006250 0.015625
0 0.642188 0.814063 0.006250 0.015625
0 0.642188 0.829688 0.006250 0.015625
0 0.642188 0.845313 0.006250 0.015625
0 0.642188 0.860938 0.006250 0.015625
0 0.642188 0.876563 0.006250 0.015625
0 0.642188 0.893750 0.006250 0.015625
0 0.642188 0.907813 0.006250 0.015625
0 0.642188 0.923438 0.006250 0.015625
0 0.642188 0.939063 0.006250 0.015625
0 0.642188 0.956250 0.006250 0.015625
0 0.642188 0.970313 0.006250 0.015625
0 0.642188 0.985938 0.006250 0.015625
0 0.657813 0.612500 0.006250 0.015625
0 0.657813 0.626563 0.006250 0.015625
0 0.657813 0.642188 0.006250 0.015625
0 0.657813 0.659375 0.006250 0.015625
0 0.657813 0.673438 0.006250 0.015625
0 0.657813 0.689063 0.006250 0.015625
0 0.657813 0.704688 0.006250 0.015625
0 0.657813 0.720313 0.006250 0.015625
0 0.657813 0.735938 0.006250 0.015625
0 0.657813 0.751563 0.006250 0.015625
0 0.657813 0.767188 0.006250 0.015625
0 0.657813 0.784375 0.006250 0.015625
0 0.657813 0.798438 0.006250 0.015625
0 0.657813 0.814063 0.006250 0.015625
0 0.657813 0.829688 0.006250 0.015625
0 0.657813 0.846875 0.006250 0.015625
0 0.657813 0.860938 0.006250 0.015625
0 0.657813 0.876563 0.006250 0.015625
0 0.657813 0.892188 0.006250 0.015625
0 0.657813 0.907813 0.006250 0.015625
0 0.657813 0.923438 0.006250 0.015625
0 0.657813 0.939063 0.006250 0.015625
0 0.657813 0.954688 0.006250 0.015625
0 0.657813 0.970313 0.006250 0.015625
0 0.657813 0.987500 0.006250 0.015625
