0 0.001563 0.782813 0.006250 0.015625
0 0.001563 0.798438 0.006250 0.015625
0 0.001563 0.814063 0.006250 0.015625
0 0.001563 0.829688 0.006250 0.015625
0 0.001563 0.845313 0.006250 0.015625
0 0.001563 0.860938 0.006250 0.015625
0 0.001563 0.876563 0.006250 0.015625
0 0.001563 0.892188 0.006250 0.015625
0 0.001563 0.907813 0.006250 0.015625
0 0.001563 0.923438 0.006250 0.015625
0 0.001563 0.939063 0.006250 0.015625
0 0.001563 0.954688 0.006250 0.015625
0 0.001563 0.970313 0.006250 0.015625
0 0.001563 0.985938 0.006250 0.015625
0 0.017188 0.782813 0.006250 0.015625
0 0.017188 0.798438 0.006250 0.015625
0 0.017188 0.812500 0.006250 0.015625
0 0.017188 0.829688 0.006250 0.015625
0 0.017188 0.845313 0.006250 0.015625
0 0.017188 0.859375 0.006250 0.015625
0 0.017188 0.876563 0.006250 0.015625
0 0.017188 0.890625 0.006250 0.015625
0 0.017188 0.906250 0.006250 0.015625
0 0.017188 0.923438 0.006250 0.015625
0 0.017188 0.937500 0.006250 0.015625
0 0.017188 0.954688 0.006250 0.015625
0 0.017188 0.970313 0.006250 0.015625
0 0.017188 0.985938 0.006250 0.015625
0 0.032813 0.782813 0.006250 0.015625
0 0.032813 0.798438 0.006250 0.015625
0 0.032813 0.814063 0.006250 0.015625
0 0.032813 0.829688 0.006250 0.015625
0 0.032813 0.845313 0.006250 0.015625
0 0.032813 0.860938 0.006250 0.015625
0 0.032813 0.876563 0.006250 0.015625
0 0.032813 0.892188 0.006250 0.015625
0 0.032813 0.907813 0.006250 0.015625
0 0.032813 0.923438 0.006250 0.015625
0 0.032813 0.939063 0.006250 0.015625
0 0.032813 0.954688 0.006250 0.015625
0 0.032813 0.970313 0.006250 0.015625
0 0.032813 0.985938 0.006250 0.015625
0 0.814063 0.782813 0.006250 0.015625
0 0.814063 0.800000 0.006250 0.015625
0 0.814063 0.815625 0.006250 0.015625
0 0.814063 0.829688 0.006250 0.015625
0 0.814063 0.845313 0.006250 0.015625
0 0.814063 0.862500 0.006250 0.015625
0 0.814063 0.876563 0.006250 0.015625
0 0.814063 0.893750 0.006250 0.015625
0 0.814063 0.909375 0.006250 0.015625
0 0.814063 0.923438 0.006250 0.015625
0 0.814063 0.939063 0.006250 0.015625
0 0.814063 0.956250 0.006250 0.015625
0 0.814063 0.971875 0.006250 0.015625
0 0.814063 0.985938 0.006250 0.015625
0 0.829688 0.782813 0.006250 0.015625
0 0.829688 0.800000 0.006250 0.015625
0 0.829688 0.814063 0.006250 0.015625
0 0.829688 0.831250 0.006250 0.015625
0 0.829688 0.845313 0.006250 0.015625
0 0.829688 0.860938 0.006250 0.015625
0 0.829688 0.876563 0.006250 0.015625
0 0.829688 0.892188 0.006250 0.015625
0 0.829688 0.907813 0.006250 0.015625
0 0.829688 0.923438 0.006250 0.015625
0 0.829688 0.939063 0.006250 0.015625
0 0.829688 0.954688 0.006250 0.015625
0 0.829688 0.970313 0.006250 0.015625
0 0.829688 0.985938 0.006250 0.015625
0 0.845313 0.784375 0.006250 0.015625
0 0.845313 0.800000 0.006250 0.015625
0 0.845313 0.814063 0.006250 0.015625
0 0.845313 0.829688 0.006250 0.015625
0 0.845313 0.845313 0.006250 0.015625
0 0.845313 0.860938 0.006250 0.015625
0 0.845313 0.876563 0.006250 0.015625
0 0.845313 0.892188 0.006250 0.015625
0 0.845313 0.907813 0.006250 0.015625
0 0.845313 0.923438 0.006250 0.015625
0 0.845313 0.939063 0.006250 0.015625
0 0.845313 0.954688 0.006250 0.015625
0 0.845313 0.970313 0.006250 0.015625
0 0.845313 0.985938 0.006250 0.015625
0 0.860938 0.784375 0.006250 0.015625
0 0.860938 0.798438 0.006250 0.015625
0 0.860938 0.814063 0.006250 0.015625
0 0.860938 0.829688 0.006250 0.015625
0 0.860938 0.845313 0.006250 0.015625
0 0.860938 0.860938 0.006250 0.015625
0 0.860938 0.876563 0.006250 0.015625
0 0.860938 0.892188 0.006250 0.015625
0 0.860938 0.907813 0.006250 0.015625
0 0.860938 0.923438 0.006250 0.015625
0 0.860938 0.939063 0.006250 0.015625
0 0.860938 0.954688 0.006250 0.015625
0 0.860938 0.970313 0.006250 0.015625
0 0.860938 0.985938 0.006250 0.015625
0 0.876563 0.784375 0.006250 0.015625
0 0.876563 0.798438 0.006250 0.015625
0 0.876563 0.814063 0.006250 0.015625
0 0.876563 0.829688 0.006250 0.015625
0 0.876563 0.845313 0.006250 0.015625
0 0.876563 0.860938 0.006250 0.015625
0 0.876563 0.876563 0.006250 0.015625
0 0.876563 0.892188 0.006250 0.015625
0 0.876563 0.907813 0.006250 0.015625
0 0.876563 0.923438 0.006250 0.015625
0 0.876563 0.939063 0.006250 0.015625
0 0.876563 0.954688 0.006250 0.015625
0 0.876563 0.970313 0.006250 0.015625
0 0.876563 0.985938 0.006250 0.015625
0 0.892188 0.784375 0.006250 0.015625
0 0.892188 0.800000 0.006250 0.015625
0 0.892188 0.814063 0.006250 0.015625
0 0.892188 0.829688 0.006250 0.015625
0 0.892188 0.845313 0.006250 0.015625
0 0.892188 0.860938 0.006250 0.015625
0 0.892188 0.876563 0.006250 0.015625
0 0.892188 0.892188 0.006250 0.015625
0 0.892188 0.907813 0.006250 0.015625
0 0.892188 0.923438 0.006250 0.015625
0 0.892188 0.939063 0.006250 0.015625
0 0.892188 0.954688 0.006250 0.015625
0 0.892188 0.970313 0.006250 0.015625
0 0.892188 0.985938 0.006250 0.015625
0 0.907813 0.784375 0.006250 0.015625
0 0.907813 0.798438 0.006250 0.015625
0 0.907813 0.814063 0.006250 0.015625
0 0.907813 0.829688 0.006250 0.015625
0 0.907813 0.845313 0.006250 0.015625
0 0.907813 0.860938 0.006250 0.015625
0 0.907813 0.876563 0.006250 0.015625
0 0.907813 0.892188 0.006250 0.015625
0 0.907813 0.907813 0.006250 0.015625
0 0.907813 0.923438 0.006250 0.015625
0 0.907813 0.939063 0.006250 0.015625
0 0.907813 0.954688 0.006250 0.015625
0 0.907813 0.970313 0.006250 0.015625
0 0.907813 0.985938 0.006250 0.015625
0 0.923438 0.784375 0.006250 0.015625
0 0.923438 0.798438 0.006250 0.015625
0 0.923438 0.814063 0.006250 0.015625
0 0.923438 0.829688 0.006250 0.015625
0 0.923438 0.845313 0.006250 0.015625
0 0.923438 0.860938 0.006250 0.015625
0 0.923438 0.876563 0.006250 0.015625
0 0.923438 0.892188 0.006250 0.015625
0 0.923438 0.907813 0.006250 0.015625
0 0.923438 0.923438 0.006250 0.015625
0 0.923438 0.939063 0.006250 0.015625
0 0.923438 0.954688 0.006250 0.015625
0 0.923438 0.970313 0.006250 0.015625
0 0.923438 0.985938 0.006250 0.015625
0 0.939063 0.784375 0.006250 0.015625
0 0.939063 0.798438 0.006250 0.015625
0 0.939063 0.814063 0.006250 0.015625
0 0.939063 0.829688 0.006250 0.015625
0 0.939063 0.845313 0.006250 0.015625
0 0.939063 0.860938 0.006250 0.015625
0 0.939063 0.876563 0.006250 0.015625
0 0.939063 0.892188 0.006250 0.015625
0 0.939063 0.907813 0.006250 0.015625
0 0.939063 0.923438 0.006250 0.015625
0 0.939063 0.940625 0.006250 0.015625
0 0.939063 0.956250 0.006250 0.015625
0 0.939063 0.970313 0.006250 0.015625
0 0.939063 0.985938 0.006250 0.015625
0 0.954688 0.784375 0.006250 0.015625
0 0.954688 0.798438 0.006250 0.015625
0 0.954688 0.814063 0.006250 0.015625
0 0.954688 0.829688 0.006250 0.015625
0 0.954688 0.845313 0.006250 0.015625
0 0.954688 0.860938 0.006250 0.015625
0 0.954688 0.876563 0.006250 0.015625
0 0.954688 0.892188 0.006250 0.015625
0 0.954688 0.907813 0.006250 0.015625
0 0.954688 0.923438 0.006250 0.015625
0 0.954688 0.939063 0.006250 0.015625
0 0.954688 0.956250 0.006250 0.015625
0 0.954688 0.970313 0.006250 0.015625
0 0.954688 0.985938 0.006250 0.015625
0 0.970313 0.784375 0.006250 0.015625
0 0.970313 0.798438 0.006250 0.015625
0 0.970313 0.814063 0.006250 0.015625
0 0.970313 0.829688 0.006250 0.015625
0 0.970313 0.845313 0.006250 0.015625
0 0.970313 0.860938 0.006250 0.015625
0 0.970313 0.876563 0.006250 0.015625
0 0.970313 0.892188 0.006250 0.015625
0 0.970313 0.907813 0.006250 0.015625
0 0.970313 0.923438 0.006250 0.015625
0 0.970313 0.940625 0.006250 0.015625
0 0.970313 0.954688 0.006250 0.015625
0 0.970313 0.970313 0.006250 0.015625
0 0.970313 0.987500 0.006250 0.015625
0 0.985938 0.784375 0.006250 0.015625
0 0.985938 0.798438 0.006250 0.015625
0 0.985938 0.814063 0.006250 0.015625
0 0.985938 0.829688 0.006250 0.015625
0 0.985938 0.845313 0.006250 0.015625
0 0.985938 0.860938 0.006250 0.015625
0 0.985938 0.876563 0.006250 0.015625
0 0.985938 0.892188 0.006250 0.015625
0 0.985938 0.907813 0.006250 0.015625
0 0.985938 0.923438 0.006250 0.015625
0 0.985938 0.940625 0.006250 0.015625
