0 0.892188 0.689063 0.006250 0.015625
0 0.892188 0.703125 0.006250 0.015625
0 0.001563 0.610938 0.006250 0.015625
0 0.001563 0.626563 0.006250 0.015625
0 0.001563 0.642188 0.006250 0.015625
0 0.001563 0.657813 0.006250 0.015625
0 0.001563 0.673438 0.006250 0.015625
0 0.001563 0.689063 0.006250 0.015625
0 0.001563 0.704688 0.006250 0.015625
0 0.001563 0.720313 0.006250 0.015625
0 0.001563 0.735938 0.006250 0.015625
0 0.001563 0.751563 0.006250 0.015625
0 0.001563 0.767188 0.006250 0.015625
0 0.001563 0.782813 0.006250 0.015625
0 0.001563 0.798438 0.006250 0.015625
0 0.001563 0.814063 0.006250 0.015625
0 0.001563 0.829688 0.006250 0.015625
0 0.001563 0.845313 0.006250 0.015625
0 0.001563 0.860938 0.006250 0.015625
0 0.001563 0.876563 0.006250 0.015625
0 0.001563 0.890625 0.006250 0.015625
0 0.001563 0.907813 0.006250 0.015625
0 0.001563 0.923438 0.006250 0.015625
0 0.001563 0.937500 0.006250 0.015625
0 0.001563 0.954688 0.006250 0.015625
0 0.001563 0.970313 0.006250 0.015625
0 0.001563 0.985938 0.006250 0.015625
0 0.017188 0.610938 0.006250 0.015625
0 0.017188 0.626563 0.006250 0.015625
0 0.017188 0.642188 0.006250 0.015625
0 0.017188 0.657813 0.006250 0.015625
0 0.017188 0.671875 0.006250 0.015625
0 0.017188 0.689063 0.006250 0.015625
0 0.017188 0.704688 0.006250 0.015625
0 0.017188 0.720313 0.006250 0.015625
0 0.017188 0.735938 0.006250 0.015625
0 0.017188 0.751563 0.006250 0.015625
0 0.017188 0.767188 0.006250 0.015625
0 0.017188 0.782813 0.006250 0.015625
0 0.017188 0.796875 0.006250 0.015625
0 0.017188 0.814063 0.006250 0.015625
0 0.017188 0.829688 0.006250 0.015625
0 0.017188 0.845313 0.006250 0.015625
0 0.017188 0.860938 0.006250 0.015625
0 0.017188 0.876563 0.006250 0.015625
0 0.017188 0.892188 0.006250 0.015625
0 0.017188 0.907813 0.006250 0.015625
0 0.017188 0.921875 0.006250 0.015625
0 0.017188 0.939063 0.006250 0.015625
0 0.017188 0.953125 0.006250 0.015625
0 0.017188 0.970313 0.006250 0.015625
0 0.017188 0.985938 0.006250 0.015625
0 0.032813 0.610938 0.006250 0.015625
0 0.032813 0.626563 0.006250 0.015625
0 0.032813 0.640625 0.006250 0.015625
0 0.032813 0.657813 0.006250 0.015625
0 0.032813 0.673438 0.006250 0.015625
0 0.032813 0.689063 0.006250 0.015625
0 0.032813 0.704688 0.006250 0.015625
0 0.032813 0.720313 0.006250 0.015625
0 0.032813 0.735938 0.006250 0.015625
0 0.032813 0.751563 0.006250 0.015625
0 0.032813 0.767188 0.006250 0.015625
0 0.032813 0.782813 0.006250 0.015625
0 0.032813 0.798438 0.006250 0.015625
0 0.032813 0.814063 0.006250 0.015625
0 0.032813 0.829688 0.006250 0.015625
0 0.032813 0.845313 0.006250 0.015625
0 0.032813 0.860938 0.006250 0.015625
0 0.032813 0.876563 0.006250 0.015625
0 0.032813 0.892188 0.006250 0.015625
0 0.032813 0.907813 0.006250 0.015625
0 0.032813 0.923438 0.006250 0.015625
0 0.032813 0.939063 0.006250 0.015625
0 0.032813 0.954688 0.006250 0.015625
0 0.032813 0.970313 0.006250 0.015625
0 0.032813 0.985938 0.006250 0.015625
0 0.814063 0.610938 0.006250 0.015625
0 0.814063 0.626563 0.006250 0.015625
0 0.814063 0.642188 0.006250 0.015625
0 0.814063 0.657813 0.006250 0.015625
0 0.814063 0.675000 0.006250 0.015625
0 0.814063 0.689063 0.006250 0.015625
0 0.814063 0.706250 0.006250 0.015625
0 0.814063 0.721875 0.006250 0.015625
0 0.814063 0.737500 0.006250 0.015625
0 0.814063 0.753125 0.006250 0.015625
0 0.814063 0.768750 0.006250 0.015625
0 0.814063 0.784375 0.006250 0.015625
0 0.814063 0.800000 0.006250 0.015625
0 0.814063 0.815625 0.006250 0.015625
0 0.814063 0.829688 0.006250 0.015625
0 0.814063 0.846875 0.006250 0.015625
0 0.814063 0.860938 0.006250 0.015625
0 0.814063 0.878125 0.006250 0.015625
0 0.814063 0.892188 0.006250 0.015625
0 0.814063 0.907813 0.006250 0.015625
0 0.814063 0.923438 0.006250 0.015625
0 0.814063 0.939063 0.006250 0.015625
0 0.814063 0.954688 0.006250 0.015625
0 0.814063 0.970313 0.006250 0.015625
0 0.814063 0.985938 0.006250 0.015625
0 0.829688 0.612500 0.006250 0.015625
0 0.829688 0.626563 0.006250 0.015625
0 0.829688 0.642188 0.006250 0.015625
0 0.829688 0.657813 0.006250 0.015625
0 0.829688 0.673438 0.006250 0.015625
0 0.829688 0.690625 0.006250 0.015625
0 0.829688 0.704688 0.006250 0.015625
0 0.829688 0.721875 0.006250 0.015625
0 0.829688 0.737500 0.006250 0.015625
0 0.829688 0.751563 0.006250 0.015625
0 0.829688 0.767188 0.006250 0.015625
0 0.829688 0.782813 0.006250 0.015625
0 0.829688 0.798438 0.006250 0.015625
0 0.829688 0.814063 0.006250 0.015625
0 0.829688 0.829688 0.006250 0.015625
0 0.829688 0.845313 0.006250 0.015625
0 0.829688 0.860938 0.006250 0.015625
0 0.829688 0.876563 0.006250 0.015625
0 0.829688 0.892188 0.006250 0.015625
0 0.829688 0.907813 0.006250 0.015625
0 0.829688 0.923438 0.006250 0.015625
0 0.829688 0.939063 0.006250 0.015625
0 0.829688 0.954688 0.006250 0.015625
0 0.829688 0.970313 0.006250 0.015625
0 0.829688 0.985938 0.006250 0.015625
0 0.845313 0.612500 0.006250 0.015625
0 0.845313 0.626563 0.006250 0.015625
0 0.845313 0.642188 0.006250 0.015625
0 0.845313 0.657813 0.006250 0.015625
0 0.845313 0.673438 0.006250 0.015625
0 0.845313 0.689063 0.006250 0.015625
0 0.845313 0.704688 0.006250 0.015625
0 0.845313 0.720313 0.006250 0.015625
0 0.845313 0.735938 0.006250 0.015625
0 0.845313 0.751563 0.006250 0.015625
0 0.845313 0.767188 0.006250 0.015625
0 0.845313 0.782813 0.006250 0.015625
0 0.845313 0.798438 0.006250 0.015625
0 0.845313 0.814063 0.006250 0.015625
0 0.845313 0.829688 0.006250 0.015625
0 0.845313 0.845313 0.006250 0.015625
0 0.845313 0.860938 0.006250 0.015625
0 0.845313 0.876563 0.006250 0.015625
0 0.845313 0.892188 0.006250 0.015625
0 0.845313 0.907813 0.006250 0.015625
0 0.845313 0.923438 0.006250 0.015625
0 0.845313 0.939063 0.006250 0.015625
0 0.845313 0.954688 0.006250 0.015625
0 0.845313 0.970313 0.006250 0.015625
0 0.845313 0.985938 0.006250 0.015625
0 0.860938 0.612500 0.006250 0.015625
0 0.860938 0.626563 0.006250 0.015625
0 0.860938 0.642188 0.006250 0.015625
0 0.860938 0.657813 0.006250 0.015625
0 0.860938 0.673438 0.006250 0.015625
0 0.860938 0.689063 0.006250 0.015625
0 0.860938 0.704688 0.006250 0.015625
0 0.860938 0.720313 0.006250 0.015625
0 0.860938 0.735938 0.006250 0.015625
0 0.860938 0.751563 0.006250 0.015625
0 0.860938 0.767188 0.006250 0.015625
0 0.860938 0.782813 0.006250 0.015625
0 0.860938 0.798438 0.006250 0.015625
0 0.860938 0.814063 0.006250 0.015625
0 0.860938 0.829688 0.006250 0.015625
0 0.860938 0.845313 0.006250 0.015625
0 0.860938 0.860938 0.006250 0.015625
0 0.860938 0.876563 0.006250 0.015625
0 0.860938 0.892188 0.006250 0.015625
0 0.860938 0.907813 0.006250 0.015625
0 0.860938 0.923438 0.006250 0.015625
0 0.860938 0.939063 0.006250 0.015625
0 0.860938 0.954688 0.006250 0.015625
0 0.860938 0.970313 0.006250 0.015625
0 0.860938 0.985938 0.006250 0.015625
0 0.876563 0.612500 0.006250 0.015625
0 0.876563 0.626563 0.006250 0.015625
0 0.876563 0.642188 0.006250 0.015625
0 0.876563 0.657813 0.006250 0.015625
0 0.876563 0.673438 0.006250 0.015625
0 0.876563 0.689063 0.006250 0.015625
0 0.876563 0.704688 0.006250 0.015625
0 0.876563 0.720313 0.006250 0.015625
0 0.876563 0.735938 0.006250 0.015625
0 0.876563 0.751563 0.006250 0.015625
0 0.876563 0.767188 0.006250 0.015625
0 0.876563 0.782813 0.006250 0.015625
0 0.876563 0.798438 0.006250 0.015625
0 0.876563 0.814063 0.006250 0.015625
0 0.876563 0.829688 0.006250 0.015625
0 0.876563 0.845313 0.006250 0.015625
0 0.876563 0.860938 0.006250 0.015625
0 0.876563 0.876563 0.006250 0.015625
0 0.876563 0.892188 0.006250 0.015625
0 0.876563 0.907813 0.006250 0.015625
0 0.876563 0.923438 0.006250 0.015625
0 0.876563 0.939063 0.006250 0.015625
0 0.876563 0.954688 0.006250 0.015625
0 0.876563 0.970313 0.006250 0.015625
0 0.876563 0.987500 0.006250 0.015625
0 0.892188 0.612500 0.006250 0.015625
0 0.892188 0.626563 0.006250 0.015625
0 0.892188 0.642188 0.006250 0.015625
0 0.892188 0.657813 0.006250 0.015625
0 0.892188 0.673438 0.006250 0.015625
0 0.892188 0.720313 0.006250 0.015625
0 0.892188 0.735938 0.006250 0.015625
0 0.892188 0.751563 0.006250 0.015625
0 0.892188 0.767188 0.006250 0.015625
0 0.892188 0.782813 0.006250 0.015625
0 0.892188 0.798438 0.006250 0.015625
0 0.892188 0.814063 0.006250 0.015625
0 0.892188 0.829688 0.006250 0.015625
0 0.892188 0.845313 0.006250 0.015625
0 0.892188 0.860938 0.006250 0.015625
0 0.892188 0.876563 0.006250 0.015625
0 0.892188 0.892188 0.006250 0.015625
0 0.892188 0.907813 0.006250 0.015625
0 0.892188 0.923438 0.006250 0.015625
0 0.892188 0.939063 0.006250 0.015625
0 0.892188 0.954688 0.006250 0.015625
0 0.892188 0.970313 0.006250 0.015625
0 0.892188 0.985938 0.006250 0.015625
0 0.907813 0.612500 0.006250 0.015625
0 0.907813 0.626563 0.006250 0.015625
0 0.907813 0.642188 0.006250 0.015625
0 0.907813 0.657813 0.006250 0.015625
0 0.907813 0.673438 0.006250 0.015625
0 0.907813 0.689063 0.006250 0.015625
0 0.907813 0.704688 0.006250 0.015625
0 0.907813 0.720313 0.006250 0.015625
0 0.907813 0.735938 0.006250 0.015625
0 0.907813 0.751563 0.006250 0.015625
0 0.907813 0.767188 0.006250 0.015625
0 0.907813 0.782813 0.006250 0.015625
0 0.907813 0.798438 0.006250 0.015625
0 0.907813 0.814063 0.006250 0.015625
0 0.907813 0.829688 0.006250 0.015625
0 0.907813 0.845313 0.006250 0.015625
0 0.907813 0.860938 0.006250 0.015625
0 0.907813 0.876563 0.006250 0.015625
0 0.907813 0.892188 0.006250 0.015625
0 0.907813 0.907813 0.006250 0.015625
0 0.907813 0.923438 0.006250 0.015625
0 0.907813 0.939063 0.006250 0.015625
0 0.907813 0.954688 0.006250 0.015625
0 0.907813 0.970313 0.006250 0.015625
0 0.907813 0.985938 0.006250 0.015625
0 0.923438 0.610938 0.006250 0.015625
0 0.923438 0.628125 0.006250 0.015625
0 0.923438 0.642188 0.006250 0.015625
0 0.923438 0.657813 0.006250 0.015625
0 0.923438 0.673438 0.006250 0.015625
0 0.923438 0.689063 0.006250 0.015625
0 0.923438 0.704688 0.006250 0.015625
0 0.923438 0.720313 0.006250 0.015625
0 0.923438 0.735938 0.006250 0.015625
0 0.923438 0.751563 0.006250 0.015625
0 0.923438 0.767188 0.006250 0.015625
0 0.923438 0.782813 0.006250 0.015625
0 0.923438 0.798438 0.006250 0.015625
0 0.923438 0.814063 0.006250 0.015625
0 0.923438 0.829688 0.006250 0.015625
0 0.923438 0.845313 0.006250 0.015625
0 0.923438 0.860938 0.006250 0.015625
0 0.923438 0.876563 0.006250 0.015625
0 0.923438 0.892188 0.006250 0.015625
0 0.923438 0.907813 0.006250 0.015625
0 0.923438 0.923438 0.006250 0.015625
0 0.923438 0.939063 0.006250 0.015625
0 0.923438 0.954688 0.006250 0.015625
0 0.923438 0.970313 0.006250 0.015625
0 0.923438 0.985938 0.006250 0.015625
0 0.939063 0.612500 0.006250 0.015625
0 0.939063 0.626563 0.006250 0.015625
0 0.939063 0.642188 0.006250 0.015625
0 0.939063 0.657813 0.006250 0.015625
0 0.939063 0.673438 0.006250 0.015625
0 0.939063 0.689063 0.006250 0.015625
0 0.939063 0.704688 0.006250 0.015625
0 0.939063 0.720313 0.006250 0.015625
0 0.939063 0.735938 0.006250 0.015625
0 0.939063 0.751563 0.006250 0.015625
0 0.939063 0.768750 0.006250 0.015625
0 0.939063 0.782813 0.006250 0.015625
0 0.939063 0.798438 0.006250 0.015625
0 0.939063 0.814063 0.006250 0.015625
0 0.939063 0.829688 0.006250 0.015625
0 0.939063 0.845313 0.006250 0.015625
0 0.939063 0.860938 0.006250 0.015625
0 0.939063 0.876563 0.006250 0.015625
0 0.939063 0.892188 0.006250 0.015625
0 0.939063 0.907813 0.006250 0.015625
0 0.939063 0.923438 0.006250 0.015625
0 0.939063 0.939063 0.006250 0.015625
0 0.939063 0.954688 0.006250 0.015625
0 0.939063 0.970313 0.006250 0.015625
0 0.939063 0.985938 0.006250 0.015625
0 0.954688 0.612500 0.006250 0.015625
0 0.954688 0.626563 0.006250 0.015625
0 0.954688 0.642188 0.006250 0.015625
0 0.954688 0.657813 0.006250 0.015625
0 0.954688 0.673438 0.006250 0.015625
0 0.954688 0.689063 0.006250 0.015625
0 0.954688 0.704688 0.006250 0.015625
0 0.954688 0.720313 0.006250 0.015625
0 0.954688 0.735938 0.006250 0.015625
0 0.954688 0.753125 0.006250 0.015625
0 0.954688 0.767188 0.006250 0.015625
0 0.954688 0.782813 0.006250 0.015625
0 0.954688 0.798438 0.006250 0.015625
0 0.954688 0.814063 0.006250 0.015625
0 0.954688 0.829688 0.006250 0.015625
0 0.954688 0.845313 0.006250 0.015625
0 0.954688 0.860938 0.006250 0.015625
0 0.954688 0.876563 0.006250 0.015625
0 0.954688 0.892188 0.006250 0.015625
0 0.954688 0.907813 0.006250 0.015625
0 0.954688 0.923438 0.006250 0.015625
0 0.954688 0.939063 0.006250 0.015625
0 0.954688 0.954688 0.006250 0.015625
0 0.954688 0.970313 0.006250 0.015625
0 0.954688 0.985938 0.006250 0.015625
0 0.970313 0.612500 0.006250 0.015625
0 0.970313 0.628125 0.006250 0.015625
0 0.970313 0.643750 0.006250 0.015625
0 0.970313 0.659375 0.006250 0.015625
0 0.970313 0.675000 0.006250 0.015625
0 0.970313 0.689063 0.006250 0.015625
0 0.970313 0.704688 0.006250 0.015625
0 0.970313 0.720313 0.006250 0.015625
0 0.970313 0.735938 0.006250 0.015625
0 0.970313 0.753125 0.006250 0.015625
0 0.970313 0.767188 0.006250 0.015625
0 0.970313 0.782813 0.006250 0.015625
0 0.970313 0.800000 0.006250 0.015625
0 0.970313 0.815625 0.006250 0.015625
0 0.970313 0.829688 0.006250 0.015625
0 0.970313 0.846875 0.006250 0.015625
0 0.970313 0.860938 0.006250 0.015625
0 0.970313 0.876563 0.006250 0.015625
0 0.970313 0.892188 0.006250 0.015625
0 0.970313 0.907813 0.006250 0.015625
0 0.970313 0.923438 0.006250 0.015625
0 0.970313 0.939063 0.006250 0.015625
0 0.970313 0.954688 0.006250 0.015625
0 0.970313 0.970313 0.006250 0.015625
0 0.970313 0.985938 0.006250 0.015625
0 0.985938 0.846875 0.006250 0.015625
0 0.985938 0.860938 0.006250 0.015625
0 0.985938 0.876563 0.006250 0.015625
0 0.985938 0.892188 0.006250 0.015625
0 0.985938 0.907813 0.006250 0.015625
0 0.985938 0.923438 0.006250 0.015625
0 0.985938 0.939063 0.006250 0.015625
0 0.985938 0.954688 0.006250 0.015625
0 0.985938 0.970313 0.006250 0.015625
0 0.985938 0.985938 0.006250 0.015625
