0 0.203125 0.907813 0.006250 0.015625
0 0.203125 0.923438 0.006250 0.015625
0 0.001563 0.782813 0.006250 0.015625
0 0.001563 0.798438 0.006250 0.015625
0 0.001563 0.814063 0.006250 0.015625
0 0.001563 0.829688 0.006250 0.015625
0 0.001563 0.845313 0.006250 0.015625
0 0.001563 0.860938 0.006250 0.015625
0 0.001563 0.876563 0.006250 0.015625
0 0.001563 0.892188 0.006250 0.015625
0 0.001563 0.907813 0.006250 0.015625
0 0.001563 0.923438 0.006250 0.015625
0 0.001563 0.939063 0.006250 0.015625
0 0.015625 0.782813 0.006250 0.015625
0 0.015625 0.798438 0.006250 0.015625
0 0.015625 0.814063 0.006250 0.015625
0 0.015625 0.829688 0.006250 0.015625
0 0.015625 0.845313 0.006250 0.015625
0 0.015625 0.860938 0.006250 0.015625
0 0.015625 0.876563 0.006250 0.015625
0 0.015625 0.892188 0.006250 0.015625
0 0.017188 0.907813 0.006250 0.015625
0 0.015625 0.923438 0.006250 0.015625
0 0.015625 0.939063 0.006250 0.015625
0 0.031250 0.782813 0.006250 0.015625
0 0.031250 0.798438 0.006250 0.015625
0 0.031250 0.814063 0.006250 0.015625
0 0.031250 0.829688 0.006250 0.015625
0 0.031250 0.845313 0.006250 0.015625
0 0.031250 0.860938 0.006250 0.015625
0 0.031250 0.876563 0.006250 0.015625
0 0.031250 0.892188 0.006250 0.015625
0 0.031250 0.907813 0.006250 0.015625
0 0.031250 0.923438 0.006250 0.015625
0 0.031250 0.939063 0.006250 0.015625
0 0.046875 0.782813 0.006250 0.015625
0 0.046875 0.798438 0.006250 0.015625
0 0.048438 0.814063 0.006250 0.015625
0 0.046875 0.829688 0.006250 0.015625
0 0.046875 0.845313 0.006250 0.015625
0 0.046875 0.859375 0.006250 0.015625
0 0.046875 0.876563 0.006250 0.015625
0 0.046875 0.892188 0.006250 0.015625
0 0.046875 0.907813 0.006250 0.015625
0 0.046875 0.923438 0.006250 0.015625
0 0.046875 0.940625 0.006250 0.015625
0 0.064062 0.782813 0.006250 0.015625
0 0.062500 0.798438 0.006250 0.015625
0 0.062500 0.814063 0.006250 0.015625
0 0.062500 0.829688 0.006250 0.015625
0 0.062500 0.845313 0.006250 0.015625
0 0.062500 0.860938 0.006250 0.015625
0 0.062500 0.876563 0.006250 0.015625
0 0.062500 0.892188 0.006250 0.015625
0 0.062500 0.907813 0.006250 0.015625
0 0.062500 0.923438 0.006250 0.015625
0 0.062500 0.939063 0.006250 0.015625
0 0.078125 0.784375 0.006250 0.015625
0 0.079687 0.798438 0.006250 0.015625
0 0.078125 0.814063 0.006250 0.015625
0 0.078125 0.829688 0.006250 0.015625
0 0.078125 0.845313 0.006250 0.015625
0 0.078125 0.860938 0.006250 0.015625
0 0.078125 0.876563 0.006250 0.015625
0 0.078125 0.892188 0.006250 0.015625
0 0.078125 0.907813 0.006250 0.015625
0 0.078125 0.923438 0.006250 0.015625
0 0.078125 0.939063 0.006250 0.015625
0 0.093750 0.784375 0.006250 0.015625
0 0.093750 0.798438 0.006250 0.015625
0 0.093750 0.814063 0.006250 0.015625
0 0.093750 0.829688 0.006250 0.015625
0 0.093750 0.845313 0.006250 0.015625
0 0.093750 0.860938 0.006250 0.015625
0 0.093750 0.876563 0.006250 0.015625
0 0.093750 0.892188 0.006250 0.015625
0 0.093750 0.907813 0.006250 0.015625
0 0.093750 0.923438 0.006250 0.015625
0 0.093750 0.939063 0.006250 0.015625
0 0.109375 0.782813 0.006250 0.015625
0 0.109375 0.798438 0.006250 0.015625
0 0.109375 0.814063 0.006250 0.015625
0 0.109375 0.829688 0.006250 0.015625
0 0.109375 0.845313 0.006250 0.015625
0 0.109375 0.860938 0.006250 0.015625
0 0.109375 0.876563 0.006250 0.015625
0 0.109375 0.892188 0.006250 0.015625
0 0.109375 0.907813 0.006250 0.015625
0 0.110937 0.923438 0.006250 0.015625
0 0.109375 0.939063 0.006250 0.015625
0 0.125000 0.784375 0.006250 0.015625
0 0.125000 0.798438 0.006250 0.015625
0 0.125000 0.814063 0.006250 0.015625
0 0.125000 0.829688 0.006250 0.015625
0 0.126562 0.845313 0.006250 0.015625
0 0.125000 0.860938 0.006250 0.015625
0 0.125000 0.876563 0.006250 0.015625
0 0.126562 0.892188 0.006250 0.015625
0 0.125000 0.907813 0.006250 0.015625
0 0.125000 0.923438 0.006250 0.015625
0 0.125000 0.939063 0.006250 0.015625
0 0.125000 0.954688 0.006250 0.015625
0 0.125000 0.970313 0.006250 0.015625
0 0.125000 0.985938 0.006250 0.015625
0 0.140625 0.782813 0.006250 0.015625
0 0.140625 0.798438 0.006250 0.015625
0 0.140625 0.814063 0.006250 0.015625
0 0.140625 0.829688 0.006250 0.015625
0 0.140625 0.845313 0.006250 0.015625
0 0.140625 0.860938 0.006250 0.015625
0 0.140625 0.876563 0.006250 0.015625
0 0.140625 0.892188 0.006250 0.015625
0 0.140625 0.907813 0.006250 0.015625
0 0.140625 0.923438 0.006250 0.015625
0 0.140625 0.939063 0.006250 0.015625
0 0.142187 0.954688 0.006250 0.015625
0 0.140625 0.970313 0.006250 0.015625
0 0.140625 0.985938 0.006250 0.015625
0 0.156250 0.782813 0.006250 0.015625
0 0.156250 0.798438 0.006250 0.015625
0 0.156250 0.814063 0.006250 0.015625
0 0.156250 0.829688 0.006250 0.015625
0 0.156250 0.845313 0.006250 0.015625
0 0.156250 0.860938 0.006250 0.015625
0 0.156250 0.876563 0.006250 0.015625
0 0.156250 0.892188 0.006250 0.015625
0 0.156250 0.907813 0.006250 0.015625
0 0.156250 0.923438 0.006250 0.015625
0 0.156250 0.939063 0.006250 0.015625
0 0.156250 0.954688 0.006250 0.015625
0 0.156250 0.970313 0.006250 0.015625
0 0.156250 0.985938 0.006250 0.015625
0 0.171875 0.782813 0.006250 0.015625
0 0.171875 0.798438 0.006250 0.015625
0 0.171875 0.814063 0.006250 0.015625
0 0.171875 0.829688 0.006250 0.015625
0 0.171875 0.845313 0.006250 0.015625
0 0.171875 0.860938 0.006250 0.015625
0 0.171875 0.876563 0.006250 0.015625
0 0.171875 0.892188 0.006250 0.015625
0 0.171875 0.907813 0.006250 0.015625
0 0.171875 0.923438 0.006250 0.015625
0 0.171875 0.939063 0.006250 0.015625
0 0.171875 0.954688 0.006250 0.015625
0 0.171875 0.970313 0.006250 0.015625
0 0.171875 0.985938 0.006250 0.015625
0 0.187500 0.782813 0.006250 0.015625
0 0.187500 0.798438 0.006250 0.015625
0 0.187500 0.814063 0.006250 0.015625
0 0.187500 0.829688 0.006250 0.015625
0 0.187500 0.845313 0.006250 0.015625
0 0.187500 0.860938 0.006250 0.015625
0 0.187500 0.876563 0.006250 0.015625
0 0.187500 0.892188 0.006250 0.015625
0 0.187500 0.907813 0.006250 0.015625
0 0.187500 0.923438 0.006250 0.015625
0 0.187500 0.939063 0.006250 0.015625
0 0.187500 0.954688 0.006250 0.015625
0 0.187500 0.970313 0.006250 0.015625
0 0.187500 0.985938 0.006250 0.015625
0 0.203125 0.782813 0.006250 0.015625
0 0.203125 0.798438 0.006250 0.015625
0 0.203125 0.814063 0.006250 0.015625
0 0.203125 0.829688 0.006250 0.015625
0 0.203125 0.845313 0.006250 0.015625
0 0.203125 0.860938 0.006250 0.015625
0 0.203125 0.876563 0.006250 0.015625
0 0.203125 0.892188 0.006250 0.015625
0 0.203125 0.939063 0.006250 0.015625
0 0.203125 0.954688 0.006250 0.015625
0 0.203125 0.970313 0.006250 0.015625
0 0.203125 0.985938 0.006250 0.015625
0 0.218750 0.784375 0.006250 0.015625
0 0.218750 0.798438 0.006250 0.015625
0 0.218750 0.814063 0.006250 0.015625
0 0.218750 0.829688 0.006250 0.015625
0 0.218750 0.845313 0.006250 0.015625
0 0.218750 0.860938 0.006250 0.015625
0 0.218750 0.876563 0.006250 0.015625
0 0.218750 0.892188 0.006250 0.015625
0 0.218750 0.907813 0.006250 0.015625
0 0.218750 0.923438 0.006250 0.015625
0 0.218750 0.939063 0.006250 0.015625
0 0.220312 0.954688 0.006250 0.015625
0 0.218750 0.970313 0.006250 0.015625
0 0.218750 0.985938 0.006250 0.015625
0 0.234375 0.782813 0.006250 0.015625
0 0.234375 0.798438 0.006250 0.015625
0 0.234375 0.814063 0.006250 0.015625
0 0.234375 0.829688 0.006250 0.015625
0 0.234375 0.845313 0.006250 0.015625
0 0.234375 0.860938 0.006250 0.015625
0 0.234375 0.876563 0.006250 0.015625
0 0.234375 0.892188 0.006250 0.015625
0 0.234375 0.907813 0.006250 0.015625
0 0.234375 0.923438 0.006250 0.015625
0 0.234375 0.939063 0.006250 0.015625
0 0.234375 0.954688 0.006250 0.015625
0 0.234375 0.970313 0.006250 0.015625
0 0.234375 0.985938 0.006250 0.015625
0 0.250000 0.784375 0.006250 0.015625
0 0.250000 0.798438 0.006250 0.015625
0 0.250000 0.814063 0.006250 0.015625
0 0.250000 0.829688 0.006250 0.015625
0 0.250000 0.845313 0.006250 0.015625
0 0.250000 0.860938 0.006250 0.015625
0 0.250000 0.876563 0.006250 0.015625
0 0.250000 0.892188 0.006250 0.015625
0 0.250000 0.907813 0.006250 0.015625
0 0.250000 0.923438 0.006250 0.015625
0 0.250000 0.939063 0.006250 0.015625
0 0.250000 0.954688 0.006250 0.015625
0 0.250000 0.970313 0.006250 0.015625
0 0.250000 0.985938 0.006250 0.015625
0 0.267188 0.784375 0.006250 0.015625
0 0.265625 0.798438 0.006250 0.015625
0 0.265625 0.814063 0.006250 0.015625
0 0.265625 0.829688 0.006250 0.015625
0 0.265625 0.845313 0.006250 0.015625
0 0.265625 0.860938 0.006250 0.015625
0 0.265625 0.876563 0.006250 0.015625
0 0.265625 0.892188 0.006250 0.015625
0 0.265625 0.907813 0.006250 0.015625
0 0.265625 0.923438 0.006250 0.015625
0 0.265625 0.939063 0.006250 0.015625
0 0.265625 0.954688 0.006250 0.015625
0 0.267188 0.970313 0.006250 0.015625
0 0.267188 0.985938 0.006250 0.015625
0 0.281250 0.784375 0.006250 0.015625
0 0.281250 0.798438 0.006250 0.015625
0 0.281250 0.814063 0.006250 0.015625
0 0.281250 0.829688 0.006250 0.015625
0 0.281250 0.845313 0.006250 0.015625
0 0.281250 0.860938 0.006250 0.015625
0 0.281250 0.876563 0.006250 0.015625
0 0.281250 0.892188 0.006250 0.015625
0 0.281250 0.907813 0.006250 0.015625
0 0.281250 0.923438 0.006250 0.015625
0 0.281250 0.939063 0.006250 0.015625
0 0.281250 0.956250 0.006250 0.015625
0 0.281250 0.970313 0.006250 0.015625
0 0.281250 0.985938 0.006250 0.015625
